8.33333 9.72 1.35136 6.6703 0.58 1.02 
-999
9.66667 10.03 2.71883 5.3596 0.27 1.33 
-18.057
7.66667 9.875 0.764898 7.34292 0.425 1.175 
-1000
7.66667 9.72 0.702029 7.33663 0.58 1.02 
-997
8.33333 9.565 1.33492 6.66698 0.734999 0.865001 
-997
7 9.875 0.375 8.00878 0.425 1.175 
-1000
9.66667 9.565 2.66746 5.33373 0.734999 0.865001 
-997
10.3333 9.1 3.35725 4.68378 1.2 0.4 
-997
9.66667 9.875 2.6929 5.3465 0.425 1.175 
-997
9 9.1 2.03961 6.01332 1.2 0.4 
-997
7 9.255 0.245 8.00375 1.045 0.555 
-997
10.3333 9.255 3.34232 4.67309 1.045 0.555 
-1000
10.3333 9.565 3.33397 4.66712 0.734999 0.865001 
-997
8.33333 9.565 1.33492 6.66698 0.734999 0.865001 
-997
9 9.875 2.03485 6.01171 0.425 1.175 
-1001
11 9.565 4.00053 4.00053 0.734999 0.865001 
-1001
8.33333 9.41 1.33637 6.66727 0.89 0.71 
-997
9 9.875 2.03485 6.01171 0.425 1.175 
-997
11 9.72 4.00605 4.00605 0.58 1.02 
-999
8.33333 9.255 1.35566 6.67117 1.045 0.555 
-997
7 9.255 0.245 8.00375 1.045 0.555 
-997
7 9.41 0.0900002 8.00051 0.89 0.71 
-1000
11 9.875 4.01754 4.01754 0.425 1.175 
-997
8.33333 9.41 1.33637 6.66727 0.89 0.71 
-997
7.66667 9.1 0.77746 7.34423 1.2 0.4 
-18.008
9.66667 9.875 2.6929 5.3465 0.425 1.175 
-997
9 9.41 2.00202 6.00067 0.89 0.71 
-997
11 9.875 4.01754 4.01754 0.425 1.175 
-1000
11 10.03 4.03496 4.03496 0.27 1.33 
-999
9.66667 9.1 2.6965 5.34831 1.2 0.4 
-997
11 9.875 4.01754 4.01754 0.425 1.175 
-997
8.33333 9.565 1.33492 6.66698 0.734999 0.865001 
-1000
7.66667 10.03 0.851671 7.35246 0.27 1.33 
-17.9
8.33333 9.255 1.35566 6.67117 1.045 0.555 
-1000
9.66667 10.03 2.71883 5.3596 0.27 1.33 
-18.122
9.66667 9.565 2.66746 5.33373 0.734999 0.865001 
-997
8.33333 10.03 1.43481 6.6877 0.27 1.33 
-17.823
8.33333 9.41 1.33637 6.66727 0.89 0.71 
-997
8.33333 9.565 1.33492 6.66698 0.734999 0.865001 
-1000
7 9.72 0.22 8.00302 0.58 1.02 
-1000
11 9.1 4.01995 4.01995 1.2 0.4 
-997
9 9.565 2.00106 6.00035 0.734999 0.865001 
-999
11 9.565 4.00053 4.00053 0.734999 0.865001 
-997
9.66667 9.565 2.66746 5.33373 0.734999 0.865001 
-999
10.3333 10.03 3.37521 4.69667 0.27 1.33 
-997
9 10.03 2.06903 6.02336 0.27 1.33 
-25.959
9.66667 9.875 2.6929 5.3465 0.425 1.175 
-19.955
7.66667 10.03 0.851671 7.35246 0.27 1.33 
-997
7.66667 9.41 0.672714 7.33389 0.89 0.71 
-999
9.66667 9.41 2.66819 5.33409 0.89 0.71 
-1000
9.66667 9.1 2.6965 5.34831 1.2 0.4 
-1000
7.66667 9.72 0.702029 7.33663 0.58 1.02 
-997
9.66667 9.72 2.67573 5.33787 0.58 1.02 
-997
9.66667 9.565 2.66746 5.33373 0.734999 0.865001 
-999
9 10.03 2.06903 6.02336 0.27 1.33 
-997
11 9.41 4.00101 4.00101 0.89 0.71 
-1000
8.33333 9.255 1.35566 6.67117 1.045 0.555 
-997
7 10.03 0.53 8.01754 0.27 1.33 
-1000
11 9.1 4.01995 4.01995 1.2 0.4 
-997
8.33333 10.03 1.43481 6.6877 0.27 1.33 
-997
9.66667 10.03 2.71883 5.3596 0.27 1.33 
-997
11 9.565 4.00053 4.00053 0.734999 0.865001 
-997
11 9.1 4.01995 4.01995 1.2 0.4 
-12.605
7 9.72 0.22 8.00302 0.58 1.02 
-997
8.33333 9.565 1.33492 6.66698 0.734999 0.865001 
-999
9 10.03 2.06903 6.02336 0.27 1.33 
-16.136
10.3333 9.1 3.35725 4.68378 1.2 0.4 
-11.734
10.3333 9.41 3.33455 4.66753 0.89 0.71 
-997
11 10.03 4.03496 4.03496 0.27 1.33 
-997
7.66667 9.255 0.71026 7.33742 1.045 0.555 
-997
11 9.875 4.01754 4.01754 0.425 1.175 
-1000
11 9.1 4.01995 4.01995 1.2 0.4 
-1000
9.66667 9.72 2.67573 5.33787 0.58 1.02 
-999
11 10.03 4.03496 4.03496 0.27 1.33 
-997
9.66667 9.255 2.6779 5.33896 1.045 0.555 
-1000
9 9.565 2.00106 6.00035 0.734999 0.865001 
-997
9 10.03 2.06903 6.02336 0.27 1.33 
-997
8.33333 9.72 1.35136 6.6703 0.58 1.02 
-997
10.3333 9.41 3.33455 4.66753 0.89 0.71 
-997
10.3333 10.03 3.37521 4.69667 0.27 1.33 
-22.039
7 9.875 0.375 8.00878 0.425 1.175 
-1000
9 9.1 2.03961 6.01332 1.2 0.4 
-997
7 9.565 0.0650005 8.00026 0.734999 0.865001 
-1000
11 9.1 4.01995 4.01995 1.2 0.4 
-1000
7 9.72 0.22 8.00302 0.58 1.02 
-997
10.3333 9.1 3.35725 4.68378 1.2 0.4 
-12.012
10.3333 9.565 3.33397 4.66712 0.734999 0.865001 
-997
9 9.565 2.00106 6.00035 0.734999 0.865001 
-997
11 9.72 4.00605 4.00605 0.58 1.02 
-999
10.3333 9.255 3.34232 4.67309 1.045 0.555 
-997
11 9.41 4.00101 4.00101 0.89 0.71 
-1000
9.66667 9.72 2.67573 5.33787 0.58 1.02 
-1000
10.3333 9.565 3.33397 4.66712 0.734999 0.865001 
-997
10.3333 9.565 3.33397 4.66712 0.734999 0.865001 
-999
10.3333 9.255 3.34232 4.67309 1.045 0.555 
-1000
7 10.03 0.53 8.01754 0.27 1.33 
-997
9 9.1 2.03961 6.01332 1.2 0.4 
-1000
9 10.03 2.06903 6.02336 0.27 1.33 
-15.97
11 9.255 4.0075 4.0075 1.045 0.555 
-997
9 9.875 2.03485 6.01171 0.425 1.175 
-997
10.3333 9.1 3.35725 4.68378 1.2 0.4 
-997
11 9.72 4.00605 4.00605 0.58 1.02 
-999
9 9.565 2.00106 6.00035 0.734999 0.865001 
-997
8.33333 9.875 1.38506 6.67721 0.425 1.175 
-1000
11 9.72 4.00605 4.00605 0.58 1.02 
-997
7.66667 9.41 0.672714 7.33389 0.89 0.71 
-1000
11 9.255 4.0075 4.0075 1.045 0.555 
-1000
9.66667 9.255 2.6779 5.33896 1.045 0.555 
-1000
9.66667 9.1 2.6965 5.34831 1.2 0.4 
-1000
10.3333 9.41 3.33455 4.66753 0.89 0.71 
-1000
9 9.1 2.03961 6.01332 1.2 0.4 
-1000
9.66667 9.875 2.6929 5.3465 0.425 1.175 
-997
7.66667 9.41 0.672714 7.33389 0.89 0.71 
-1000
9.66667 9.41 2.66819 5.33409 0.89 0.71 
-997
9.66667 9.565 2.66746 5.33373 0.734999 0.865001 
-999
8.33333 9.72 1.35136 6.6703 0.58 1.02 
-997
8.33333 9.41 1.33637 6.66727 0.89 0.71 
-1000
8.33333 10.03 1.43481 6.6877 0.27 1.33 
-27.815
11 9.255 4.0075 4.0075 1.045 0.555 
-997
8.33333 9.875 1.38506 6.67721 0.425 1.175 
-997
7.66667 10.03 0.851671 7.35246 0.27 1.33 
-997
10.3333 9.565 3.33397 4.66712 0.734999 0.865001 
-997
7 9.41 0.0900002 8.00051 0.89 0.71 
-1000
7 9.41 0.0900002 8.00051 0.89 0.71 
-997
9.66667 9.72 2.67573 5.33787 0.58 1.02 
-997
11 9.255 4.0075 4.0075 1.045 0.555 
-997
7.66667 9.255 0.71026 7.33742 1.045 0.555 
-997
7.66667 9.565 0.669828 7.33362 0.734999 0.865001 
-997
9 9.1 2.03961 6.01332 1.2 0.4 
-997
7.66667 9.1 0.77746 7.34423 1.2 0.4 
-17.389
10.3333 9.255 3.34232 4.67309 1.045 0.555 
-1000
7.66667 9.875 0.764898 7.34292 0.425 1.175 
-997
7 9.875 0.375 8.00878 0.425 1.175 
-997
7.66667 9.72 0.702029 7.33663 0.58 1.02 
-1000
9.66667 9.565 2.66746 5.33373 0.734999 0.865001 
-997
7 9.41 0.0900002 8.00051 0.89 0.71 
-997
8.33333 10.03 1.43481 6.6877 0.27 1.33 
-28.639
9.66667 9.565 2.66746 5.33373 0.734999 0.865001 
-999
9.66667 9.565 2.66746 5.33373 0.734999 0.865001 
-999
7 9.72 0.22 8.00302 0.58 1.02 
-997
8.33333 9.875 1.38506 6.67721 0.425 1.175 
-997
7.66667 9.255 0.71026 7.33742 1.045 0.555 
-1000
11 9.1 4.01995 4.01995 1.2 0.4 
-997
9.66667 9.875 2.6929 5.3465 0.425 1.175 
-997
10.3333 9.565 3.33397 4.66712 0.734999 0.865001 
-997
9 9.72 2.01206 6.00403 0.58 1.02 
-997
7 9.565 0.0650005 8.00026 0.734999 0.865001 
-997
7.66667 9.72 0.702029 7.33663 0.58 1.02 
-997
7 9.255 0.245 8.00375 1.045 0.555 
-997
11 9.72 4.00605 4.00605 0.58 1.02 
-997
9.66667 9.41 2.66819 5.33409 0.89 0.71 
-1000
8.33333 9.1 1.39204 6.67866 1.2 0.4 
-997
10.3333 9.875 3.35436 4.68171 0.425 1.175 
-999
10.3333 9.41 3.33455 4.66753 0.89 0.71 
-997
8.33333 9.41 1.33637 6.66727 0.89 0.71 
-997
9.66667 9.255 2.6779 5.33896 1.045 0.555 
-1000
10.3333 9.255 3.34232 4.67309 1.045 0.555 
-997
9.66667 9.255 2.6779 5.33896 1.045 0.555 
-1000
10.3333 9.72 3.34058 4.67185 0.58 1.02 
-999
7.66667 9.255 0.71026 7.33742 1.045 0.555 
-1000
10.3333 9.41 3.33455 4.66753 0.89 0.71 
-1000
9 9.875 2.03485 6.01171 0.425 1.175 
-13.581
9 9.72 2.01206 6.00403 0.58 1.02 
-1000
11 9.1 4.01995 4.01995 1.2 0.4 
-997
11 9.1 4.01995 4.01995 1.2 0.4 
-997
7.66667 9.255 0.71026 7.33742 1.045 0.555 
-997
7 9.1 0.4 8.00999 1.2 0.4 
-997
8.33333 9.72 1.35136 6.6703 0.58 1.02 
-997
11 9.41 4.00101 4.00101 0.89 0.71 
-1000
10.3333 9.255 3.34232 4.67309 1.045 0.555 
-1000
9 9.41 2.00202 6.00067 0.89 0.71 
-1000
8.33333 9.875 1.38506 6.67721 0.425 1.175 
-997
11 9.41 4.00101 4.00101 0.89 0.71 
-997
8.33333 9.41 1.33637 6.66727 0.89 0.71 
-1000
7 9.565 0.0650005 8.00026 0.734999 0.865001 
-1000
10.3333 9.72 3.34058 4.67185 0.58 1.02 
-997
11 9.72 4.00605 4.00605 0.58 1.02 
-999
7.66667 9.72 0.702029 7.33663 0.58 1.02 
-1000
7 10.03 0.53 8.01754 0.27 1.33 
-1000
11 10.03 4.03496 4.03496 0.27 1.33 
-1001
7.66667 10.03 0.851671 7.35246 0.27 1.33 
-997
10.3333 9.255 3.34232 4.67309 1.045 0.555 
-997
7.66667 10.03 0.851671 7.35246 0.27 1.33 
-16.195
7 9.875 0.375 8.00878 0.425 1.175 
-1000
9.66667 9.255 2.6779 5.33896 1.045 0.555 
-997
10.3333 9.1 3.35725 4.68378 1.2 0.4 
-11.93
9.66667 10.03 2.71883 5.3596 0.27 1.33 
-997
8.33333 9.41 1.33637 6.66727 0.89 0.71 
-1000
8.33333 9.255 1.35566 6.67117 1.045 0.555 
-997
9 9.565 2.00106 6.00035 0.734999 0.865001 
-999
9.66667 9.255 2.6779 5.33896 1.045 0.555 
-13.655
7 9.565 0.0650005 8.00026 0.734999 0.865001 
-997
7 10.03 0.53 8.01754 0.27 1.33 
-19.113
7 9.875 0.375 8.00878 0.425 1.175 
-997
7 9.255 0.245 8.00375 1.045 0.555 
-997
7 9.72 0.22 8.00302 0.58 1.02 
-997
8.33333 9.72 1.35136 6.6703 0.58 1.02 
-1000
7 9.255 0.245 8.00375 1.045 0.555 
-997
9 9.255 2.01495 6.005 1.045 0.555 
-997
7.66667 10.03 0.851671 7.35246 0.27 1.33 
-16.426
11 9.1 4.01995 4.01995 1.2 0.4 
-21.55
7 9.255 0.245 8.00375 1.045 0.555 
-1000
9.66667 9.72 2.67573 5.33787 0.58 1.02 
-999
10.3333 9.565 3.33397 4.66712 0.734999 0.865001 
-1001
8.33333 9.72 1.35136 6.6703 0.58 1.02 
-997
10.3333 10.03 3.37521 4.69667 0.27 1.33 
-999
9.66667 9.875 2.6929 5.3465 0.425 1.175 
-997
8.33333 10.03 1.43481 6.6877 0.27 1.33 
-997
7 9.565 0.0650005 8.00026 0.734999 0.865001 
-1000
10.3333 9.72 3.34058 4.67185 0.58 1.02 
-997
8.33333 9.875 1.38506 6.67721 0.425 1.175 
-997
8.33333 9.565 1.33492 6.66698 0.734999 0.865001 
-999
9.66667 9.565 2.66746 5.33373 0.734999 0.865001 
-1000
9.66667 9.875 2.6929 5.3465 0.425 1.175 
-1000
9 10.03 2.06903 6.02336 0.27 1.33 
-15.816
7.66667 9.72 0.702029 7.33663 0.58 1.02 
-997
8.33333 9.875 1.38506 6.67721 0.425 1.175 
-1000
8.33333 9.565 1.33492 6.66698 0.734999 0.865001 
-999
9.66667 9.72 2.67573 5.33787 0.58 1.02 
-997
10.3333 9.72 3.34058 4.67185 0.58 1.02 
-997
11 9.72 4.00605 4.00605 0.58 1.02 
-997
8.33333 9.565 1.33492 6.66698 0.734999 0.865001 
-1000
11 10.03 4.03496 4.03496 0.27 1.33 
-999
7.66667 9.255 0.71026 7.33742 1.045 0.555 
-1000
9 9.255 2.01495 6.005 1.045 0.555 
-997
7 9.875 0.375 8.00878 0.425 1.175 
-997
7.66667 9.875 0.764898 7.34292 0.425 1.175 
-997
11 9.72 4.00605 4.00605 0.58 1.02 
-1000
7.66667 9.875 0.764898 7.34292 0.425 1.175 
-997
10.3333 9.72 3.34058 4.67185 0.58 1.02 
-999
7.66667 9.565 0.669828 7.33362 0.734999 0.865001 
-999
7 9.875 0.375 8.00878 0.425 1.175 
-997
10.3333 10.03 3.37521 4.69667 0.27 1.33 
-997
11 10.03 4.03496 4.03496 0.27 1.33 
-999
11 10.03 4.03496 4.03496 0.27 1.33 
-997
8.33333 9.255 1.35566 6.67117 1.045 0.555 
-1000
10.3333 9.875 3.35436 4.68171 0.425 1.175 
-997
9.66667 9.72 2.67573 5.33787 0.58 1.02 
-999
10.3333 9.1 3.35725 4.68378 1.2 0.4 
-12.213
11 10.03 4.03496 4.03496 0.27 1.33 
-999
9 9.255 2.01495 6.005 1.045 0.555 
-997
7 10.03 0.53 8.01754 0.27 1.33 
-1000
9 9.1 2.03961 6.01332 1.2 0.4 
-997
7 9.72 0.22 8.00302 0.58 1.02 
-997
11 9.41 4.00101 4.00101 0.89 0.71 
-1000
7 9.72 0.22 8.00302 0.58 1.02 
-1000
8.33333 10.03 1.43481 6.6877 0.27 1.33 
-17.031
8.33333 9.875 1.38506 6.67721 0.425 1.175 
-1000
9 9.1 2.03961 6.01332 1.2 0.4 
-1000
7 9.565 0.0650005 8.00026 0.734999 0.865001 
-997
7.66667 9.41 0.672714 7.33389 0.89 0.71 
-1000
9 9.41 2.00202 6.00067 0.89 0.71 
-997
8.33333 10.03 1.43481 6.6877 0.27 1.33 
-15.937
7.66667 9.255 0.71026 7.33742 1.045 0.555 
-997
9.66667 9.565 2.66746 5.33373 0.734999 0.865001 
-1000
11 10.03 4.03496 4.03496 0.27 1.33 
-997
8.33333 9.1 1.39204 6.67866 1.2 0.4 
-14.851
11 9.255 4.0075 4.0075 1.045 0.555 
-1000
11 9.565 4.00053 4.00053 0.734999 0.865001 
-999
9 9.875 2.03485 6.01171 0.425 1.175 
-997
9.66667 10.03 2.71883 5.3596 0.27 1.33 
-27.201
7.66667 9.72 0.702029 7.33663 0.58 1.02 
-997
10.3333 9.255 3.34232 4.67309 1.045 0.555 
-997
9.66667 9.565 2.66746 5.33373 0.734999 0.865001 
-1000
8.33333 9.255 1.35566 6.67117 1.045 0.555 
-997
10.3333 9.255 3.34232 4.67309 1.045 0.555 
-1000
11 9.72 4.00605 4.00605 0.58 1.02 
-1000
7.66667 9.72 0.702029 7.33663 0.58 1.02 
-999
8.33333 9.875 1.38506 6.67721 0.425 1.175 
-17.647
9.66667 9.72 2.67573 5.33787 0.58 1.02 
-997
7.66667 9.72 0.702029 7.33663 0.58 1.02 
-1000
11 9.875 4.01754 4.01754 0.425 1.175 
-999
11 9.255 4.0075 4.0075 1.045 0.555 
-997
10.3333 9.41 3.33455 4.66753 0.89 0.71 
-1000
7 9.41 0.0900002 8.00051 0.89 0.71 
-997
10.3333 9.565 3.33397 4.66712 0.734999 0.865001 
-1000
11 9.1 4.01995 4.01995 1.2 0.4 
-1000
9.66667 9.1 2.6965 5.34831 1.2 0.4 
-12.938
7.66667 9.255 0.71026 7.33742 1.045 0.555 
-997
8.33333 9.875 1.38506 6.67721 0.425 1.175 
-31.063
10.3333 9.255 3.34232 4.67309 1.045 0.555 
-997
8.33333 9.72 1.35136 6.6703 0.58 1.02 
-1000
11 9.255 4.0075 4.0075 1.045 0.555 
-997
7.66667 10.03 0.851671 7.35246 0.27 1.33 
-19.287
9.66667 9.565 2.66746 5.33373 0.734999 0.865001 
-1000
9 9.72 2.01206 6.00403 0.58 1.02 
-1000
8.33333 9.565 1.33492 6.66698 0.734999 0.865001 
-997
7 9.255 0.245 8.00375 1.045 0.555 
-31.826
9 9.72 2.01206 6.00403 0.58 1.02 
-1000
8.33333 9.72 1.35136 6.6703 0.58 1.02 
-1000
9.66667 9.72 2.67573 5.33787 0.58 1.02 
-997
8.33333 9.255 1.35566 6.67117 1.045 0.555 
-15.016
9.66667 9.255 2.6779 5.33896 1.045 0.555 
-997
8.33333 10.03 1.43481 6.6877 0.27 1.33 
-997
7 9.41 0.0900002 8.00051 0.89 0.71 
-997
7 9.255 0.245 8.00375 1.045 0.555 
-997
7.66667 9.875 0.764898 7.34292 0.425 1.175 
-997
11 10.03 4.03496 4.03496 0.27 1.33 
-21.29
7.66667 9.875 0.764898 7.34292 0.425 1.175 
-1000
9.66667 9.565 2.66746 5.33373 0.734999 0.865001 
-997
10.3333 9.255 3.34232 4.67309 1.045 0.555 
-1000
9 9.41 2.00202 6.00067 0.89 0.71 
-997
9.66667 9.255 2.6779 5.33896 1.045 0.555 
-997
9.66667 9.565 2.66746 5.33373 0.734999 0.865001 
-999
8.33333 9.565 1.33492 6.66698 0.734999 0.865001 
-999
10.3333 9.41 3.33455 4.66753 0.89 0.71 
-997
8.33333 10.03 1.43481 6.6877 0.27 1.33 
-997
7.66667 9.565 0.669828 7.33362 0.734999 0.865001 
-997
9 9.1 2.03961 6.01332 1.2 0.4 
-15.06
9.66667 9.255 2.6779 5.33896 1.045 0.555 
-1000
9.66667 9.255 2.6779 5.33896 1.045 0.555 
-1000
7.66667 9.255 0.71026 7.33742 1.045 0.555 
-997
7 9.565 0.0650005 8.00026 0.734999 0.865001 
-997
9.66667 9.1 2.6965 5.34831 1.2 0.4 
-997
9 9.875 2.03485 6.01171 0.425 1.175 
-997
10.3333 9.72 3.34058 4.67185 0.58 1.02 
-1000
7.66667 9.565 0.669828 7.33362 0.734999 0.865001 
-999
11 9.255 4.0075 4.0075 1.045 0.555 
-1000
10.3333 10.03 3.37521 4.69667 0.27 1.33 
-22.935
10.3333 9.875 3.35436 4.68171 0.425 1.175 
-1000
7.66667 9.875 0.764898 7.34292 0.425 1.175 
-18.704
9.66667 9.255 2.6779 5.33896 1.045 0.555 
-1000
7.66667 9.72 0.702029 7.33663 0.58 1.02 
-1000
11 9.875 4.01754 4.01754 0.425 1.175 
-997
7 9.875 0.375 8.00878 0.425 1.175 
-1000
7.66667 10.03 0.851671 7.35246 0.27 1.33 
-997
7 9.72 0.22 8.00302 0.58 1.02 
-997
8.33333 9.565 1.33492 6.66698 0.734999 0.865001 
-997
7.66667 9.875 0.764898 7.34292 0.425 1.175 
-997
8.33333 9.41 1.33637 6.66727 0.89 0.71 
-1000
7 9.875 0.375 8.00878 0.425 1.175 
-1000
7 9.72 0.22 8.00302 0.58 1.02 
-1000
11 9.565 4.00053 4.00053 0.734999 0.865001 
-997
9.66667 10.03 2.71883 5.3596 0.27 1.33 
-997
10.3333 9.1 3.35725 4.68378 1.2 0.4 
-997
7.66667 10.03 0.851671 7.35246 0.27 1.33 
-997
9 10.03 2.06903 6.02336 0.27 1.33 
-24.535
7.66667 9.1 0.77746 7.34423 1.2 0.4 
-1000
9 9.41 2.00202 6.00067 0.89 0.71 
-1000
7 9.72 0.22 8.00302 0.58 1.02 
-1000
10.3333 10.03 3.37521 4.69667 0.27 1.33 
-999
7.66667 9.255 0.71026 7.33742 1.045 0.555 
-1000
7.66667 10.03 0.851671 7.35246 0.27 1.33 
-17.919
7 9.1 0.4 8.00999 1.2 0.4 
-997
11 9.1 4.01995 4.01995 1.2 0.4 
-997
11 9.41 4.00101 4.00101 0.89 0.71 
-1000
10.3333 9.72 3.34058 4.67185 0.58 1.02 
-997
7 9.565 0.0650005 8.00026 0.734999 0.865001 
-997
10.3333 9.72 3.34058 4.67185 0.58 1.02 
-997
10.3333 9.255 3.34232 4.67309 1.045 0.555 
-11.017
11 9.255 4.0075 4.0075 1.045 0.555 
-997
7.66667 9.1 0.77746 7.34423 1.2 0.4 
-1000
8.33333 9.565 1.33492 6.66698 0.734999 0.865001 
-997
7.66667 9.565 0.669828 7.33362 0.734999 0.865001 
-999
7.66667 9.565 0.669828 7.33362 0.734999 0.865001 
-999
9 10.03 2.06903 6.02336 0.27 1.33 
-18.329
9 9.41 2.00202 6.00067 0.89 0.71 
-997
8.33333 9.1 1.39204 6.67866 1.2 0.4 
-997
11 9.565 4.00053 4.00053 0.734999 0.865001 
-999
10.3333 9.875 3.35436 4.68171 0.425 1.175 
-997
10.3333 9.255 3.34232 4.67309 1.045 0.555 
-997
7 9.255 0.245 8.00375 1.045 0.555 
-997
11 9.41 4.00101 4.00101 0.89 0.71 
-1000
9.66667 9.72 2.67573 5.33787 0.58 1.02 
-997
10.3333 9.875 3.35436 4.68171 0.425 1.175 
-999
10.3333 9.255 3.34232 4.67309 1.045 0.555 
-997
11 9.565 4.00053 4.00053 0.734999 0.865001 
-997
9 9.565 2.00106 6.00035 0.734999 0.865001 
-999
11 9.255 4.0075 4.0075 1.045 0.555 
-997
9 9.565 2.00106 6.00035 0.734999 0.865001 
-999
9.66667 9.1 2.6965 5.34831 1.2 0.4 
-997
10.3333 9.875 3.35436 4.68171 0.425 1.175 
-997
10.3333 9.41 3.33455 4.66753 0.89 0.71 
-1000
11 9.72 4.00605 4.00605 0.58 1.02 
-997
10.3333 9.875 3.35436 4.68171 0.425 1.175 
-1000
9.66667 9.41 2.66819 5.33409 0.89 0.71 
-1000
11 9.1 4.01995 4.01995 1.2 0.4 
-997
9.66667 9.41 2.66819 5.33409 0.89 0.71 
-1000
10.3333 9.565 3.33397 4.66712 0.734999 0.865001 
-1000
10.3333 9.41 3.33455 4.66753 0.89 0.71 
-1000
8.33333 9.72 1.35136 6.6703 0.58 1.02 
-1000
10.3333 9.41 3.33455 4.66753 0.89 0.71 
-1000
7 9.1 0.4 8.00999 1.2 0.4 
-21.545
10.3333 9.875 3.35436 4.68171 0.425 1.175 
-997
11 9.875 4.01754 4.01754 0.425 1.175 
-999
8.33333 9.41 1.33637 6.66727 0.89 0.71 
-1000
8.33333 9.72 1.35136 6.6703 0.58 1.02 
-997
9 9.875 2.03485 6.01171 0.425 1.175 
-997
9.66667 9.41 2.66819 5.33409 0.89 0.71 
-997
8.33333 9.875 1.38506 6.67721 0.425 1.175 
-997
8.33333 9.565 1.33492 6.66698 0.734999 0.865001 
-1000
8.33333 9.565 1.33492 6.66698 0.734999 0.865001 
-1000
9 9.72 2.01206 6.00403 0.58 1.02 
-997
8.33333 9.72 1.35136 6.6703 0.58 1.02 
-997
7 9.875 0.375 8.00878 0.425 1.175 
-997
9 9.255 2.01495 6.005 1.045 0.555 
-997
7 9.875 0.375 8.00878 0.425 1.175 
-1000
7 9.255 0.245 8.00375 1.045 0.555 
-1000
7 9.41 0.0900002 8.00051 0.89 0.71 
-997
7 9.72 0.22 8.00302 0.58 1.02 
-1000
9.66667 9.41 2.66819 5.33409 0.89 0.71 
-997
10.3333 9.1 3.35725 4.68378 1.2 0.4 
-997
11 9.41 4.00101 4.00101 0.89 0.71 
-1000
9 9.565 2.00106 6.00035 0.734999 0.865001 
-997
9.66667 9.875 2.6929 5.3465 0.425 1.175 
-997
10.3333 9.875 3.35436 4.68171 0.425 1.175 
-999
7 9.875 0.375 8.00878 0.425 1.175 
-997
9.66667 9.565 2.66746 5.33373 0.734999 0.865001 
-997
9 9.875 2.03485 6.01171 0.425 1.175 
-997
7 9.1 0.4 8.00999 1.2 0.4 
-30.941
9 9.565 2.00106 6.00035 0.734999 0.865001 
-997
11 9.41 4.00101 4.00101 0.89 0.71 
-997
10.3333 9.41 3.33455 4.66753 0.89 0.71 
-1000
9 9.565 2.00106 6.00035 0.734999 0.865001 
-997
10.3333 9.875 3.35436 4.68171 0.425 1.175 
-997
10.3333 10.03 3.37521 4.69667 0.27 1.33 
-997
10.3333 9.875 3.35436 4.68171 0.425 1.175 
-1000
8.33333 9.255 1.35566 6.67117 1.045 0.555 
-997
8.33333 9.72 1.35136 6.6703 0.58 1.02 
-1000
9 10.03 2.06903 6.02336 0.27 1.33 
-30.818
10.3333 9.72 3.34058 4.67185 0.58 1.02 
-997
10.3333 10.03 3.37521 4.69667 0.27 1.33 
-997
7 9.1 0.4 8.00999 1.2 0.4 
-997
9 9.1 2.03961 6.01332 1.2 0.4 
-997
7.66667 9.565 0.669828 7.33362 0.734999 0.865001 
-999
7 10.03 0.53 8.01754 0.27 1.33 
-30.366
11 9.255 4.0075 4.0075 1.045 0.555 
-999
8.33333 10.03 1.43481 6.6877 0.27 1.33 
-18.094
7.66667 9.875 0.764898 7.34292 0.425 1.175 
-997
7 9.255 0.245 8.00375 1.045 0.555 
-1000
9 9.565 2.00106 6.00035 0.734999 0.865001 
-997
11 10.03 4.03496 4.03496 0.27 1.33 
-997
10.3333 9.255 3.34232 4.67309 1.045 0.555 
-997
9 9.565 2.00106 6.00035 0.734999 0.865001 
-997
9 9.41 2.00202 6.00067 0.89 0.71 
-1000
8.33333 10.03 1.43481 6.6877 0.27 1.33 
-18.761
8.33333 9.255 1.35566 6.67117 1.045 0.555 
-997
9.66667 9.875 2.6929 5.3465 0.425 1.175 
-16.033
7.66667 9.1 0.77746 7.34423 1.2 0.4 
-18.119
10.3333 10.03 3.37521 4.69667 0.27 1.33 
-999
9.66667 9.875 2.6929 5.3465 0.425 1.175 
-15.374
9.66667 9.565 2.66746 5.33373 0.734999 0.865001 
-997
11 9.1 4.01995 4.01995 1.2 0.4 
-997
9 10.03 2.06903 6.02336 0.27 1.33 
-26.685
7.66667 9.875 0.764898 7.34292 0.425 1.175 
-997
10.3333 9.565 3.33397 4.66712 0.734999 0.865001 
-1000
8.33333 9.875 1.38506 6.67721 0.425 1.175 
-28.403
7 9.565 0.0650005 8.00026 0.734999 0.865001 
-997
7.66667 9.41 0.672714 7.33389 0.89 0.71 
-1000
11 9.1 4.01995 4.01995 1.2 0.4 
-997
10.3333 9.1 3.35725 4.68378 1.2 0.4 
-997
7 9.1 0.4 8.00999 1.2 0.4 
-1000
9.66667 10.03 2.71883 5.3596 0.27 1.33 
-17.342
10.3333 10.03 3.37521 4.69667 0.27 1.33 
-997
9 9.1 2.03961 6.01332 1.2 0.4 
-1000
7 9.1 0.4 8.00999 1.2 0.4 
-32.114
7 9.565 0.0650005 8.00026 0.734999 0.865001 
-997
8.33333 10.03 1.43481 6.6877 0.27 1.33 
-16.417
9 9.72 2.01206 6.00403 0.58 1.02 
-997
8.33333 10.03 1.43481 6.6877 0.27 1.33 
-997
9 9.1 2.03961 6.01332 1.2 0.4 
-997
7 9.1 0.4 8.00999 1.2 0.4 
-997
8.33333 9.875 1.38506 6.67721 0.425 1.175 
-997
7.66667 9.255 0.71026 7.33742 1.045 0.555 
-1000
9.66667 9.255 2.6779 5.33896 1.045 0.555 
-997
11 9.875 4.01754 4.01754 0.425 1.175 
-999
9.66667 10.03 2.71883 5.3596 0.27 1.33 
-997
7 9.1 0.4 8.00999 1.2 0.4 
-997
9.66667 9.72 2.67573 5.33787 0.58 1.02 
-997
10.3333 10.03 3.37521 4.69667 0.27 1.33 
-1000
11 9.1 4.01995 4.01995 1.2 0.4 
-997
8.33333 9.41 1.33637 6.66727 0.89 0.71 
-1000
9 9.565 2.00106 6.00035 0.734999 0.865001 
-997
10.3333 9.875 3.35436 4.68171 0.425 1.175 
-1000
11 9.255 4.0075 4.0075 1.045 0.555 
-997
10.3333 9.255 3.34232 4.67309 1.045 0.555 
-1000
9.66667 10.03 2.71883 5.3596 0.27 1.33 
-24.989
8.33333 9.72 1.35136 6.6703 0.58 1.02 
-997
11 9.41 4.00101 4.00101 0.89 0.71 
-997
11 9.41 4.00101 4.00101 0.89 0.71 
-997
7.66667 9.875 0.764898 7.34292 0.425 1.175 
-997
10.3333 9.255 3.34232 4.67309 1.045 0.555 
-997
11 9.41 4.00101 4.00101 0.89 0.71 
-997
7 9.41 0.0900002 8.00051 0.89 0.71 
-1000
9.66667 9.875 2.6929 5.3465 0.425 1.175 
-997
9 9.1 2.03961 6.01332 1.2 0.4 
-997
7.66667 9.255 0.71026 7.33742 1.045 0.555 
-1000
10.3333 9.255 3.34232 4.67309 1.045 0.555 
-1000
11 9.72 4.00605 4.00605 0.58 1.02 
-997
9.66667 9.875 2.6929 5.3465 0.425 1.175 
-997
7.66667 9.875 0.764898 7.34292 0.425 1.175 
-997
8.33333 9.72 1.35136 6.6703 0.58 1.02 
-1000
10.3333 9.72 3.34058 4.67185 0.58 1.02 
-999
9.66667 9.72 2.67573 5.33787 0.58 1.02 
-997
9.66667 9.565 2.66746 5.33373 0.734999 0.865001 
-999
9 9.565 2.00106 6.00035 0.734999 0.865001 
-999
9.66667 9.41 2.66819 5.33409 0.89 0.71 
-1000
8.33333 9.41 1.33637 6.66727 0.89 0.71 
-1000
9 9.72 2.01206 6.00403 0.58 1.02 
-1000
8.33333 9.72 1.35136 6.6703 0.58 1.02 
-997
7.66667 9.41 0.672714 7.33389 0.89 0.71 
-997
9 9.41 2.00202 6.00067 0.89 0.71 
-1000
10.3333 9.875 3.35436 4.68171 0.425 1.175 
-1000
10.3333 9.565 3.33397 4.66712 0.734999 0.865001 
-997
8.33333 9.1 1.39204 6.67866 1.2 0.4 
-997
10.3333 9.72 3.34058 4.67185 0.58 1.02 
-997
9.66667 9.41 2.66819 5.33409 0.89 0.71 
-1000
7 9.72 0.22 8.00302 0.58 1.02 
-1000
7.66667 9.41 0.672714 7.33389 0.89 0.71 
-1000
9 9.72 2.01206 6.00403 0.58 1.02 
-999
11 10.03 4.03496 4.03496 0.27 1.33 
-999
9 9.875 2.03485 6.01171 0.425 1.175 
-15.883
8.33333 9.565 1.33492 6.66698 0.734999 0.865001 
-999
11 10.03 4.03496 4.03496 0.27 1.33 
-20.755
9.66667 9.875 2.6929 5.3465 0.425 1.175 
-22.815
7 9.255 0.245 8.00375 1.045 0.555 
-1000
9 9.72 2.01206 6.00403 0.58 1.02 
-997
10.3333 10.03 3.37521 4.69667 0.27 1.33 
-997
11 9.1 4.01995 4.01995 1.2 0.4 
-997
9 9.255 2.01495 6.005 1.045 0.555 
-997
9.66667 9.565 2.66746 5.33373 0.734999 0.865001 
-997
7 10.03 0.53 8.01754 0.27 1.33 
-31.307
10.3333 9.875 3.35436 4.68171 0.425 1.175 
-997
9 9.875 2.03485 6.01171 0.425 1.175 
-997
10.3333 9.565 3.33397 4.66712 0.734999 0.865001 
-997
9.66667 9.1 2.6965 5.34831 1.2 0.4 
-997
7 9.255 0.245 8.00375 1.045 0.555 
-1000
9 9.565 2.00106 6.00035 0.734999 0.865001 
-997
11 9.41 4.00101 4.00101 0.89 0.71 
-997
9 9.875 2.03485 6.01171 0.425 1.175 
-997
11 10.03 4.03496 4.03496 0.27 1.33 
-1001
7.66667 9.41 0.672714 7.33389 0.89 0.71 
-997
7 9.1 0.4 8.00999 1.2 0.4 
-997
10.3333 9.72 3.34058 4.67185 0.58 1.02 
-999
11 9.875 4.01754 4.01754 0.425 1.175 
-997
8.33333 9.875 1.38506 6.67721 0.425 1.175 
-997
9.66667 9.255 2.6779 5.33896 1.045 0.555 
-997
9.66667 9.1 2.6965 5.34831 1.2 0.4 
-997
9 9.565 2.00106 6.00035 0.734999 0.865001 
-997
11 9.255 4.0075 4.0075 1.045 0.555 
-1000
7.66667 9.565 0.669828 7.33362 0.734999 0.865001 
-999
9.66667 9.1 2.6965 5.34831 1.2 0.4 
-1000
8.33333 10.03 1.43481 6.6877 0.27 1.33 
-997
9 10.03 2.06903 6.02336 0.27 1.33 
-997
9.66667 9.1 2.6965 5.34831 1.2 0.4 
-1000
7 9.875 0.375 8.00878 0.425 1.175 
-1000
9.66667 9.255 2.6779 5.33896 1.045 0.555 
-997
7.66667 9.41 0.672714 7.33389 0.89 0.71 
-1000
7 9.41 0.0900002 8.00051 0.89 0.71 
-1000
9 9.255 2.01495 6.005 1.045 0.555 
-1000
9.66667 9.72 2.67573 5.33787 0.58 1.02 
-999
10.3333 9.565 3.33397 4.66712 0.734999 0.865001 
-999
9.66667 9.1 2.6965 5.34831 1.2 0.4 
-12.902
9.66667 9.1 2.6965 5.34831 1.2 0.4 
-12.321
8.33333 9.255 1.35566 6.67117 1.045 0.555 
-997
9 9.255 2.01495 6.005 1.045 0.555 
-997
7.66667 9.1 0.77746 7.34423 1.2 0.4 
-19.286
8.33333 9.565 1.33492 6.66698 0.734999 0.865001 
-997
7 9.565 0.0650005 8.00026 0.734999 0.865001 
-997
7 9.565 0.0650005 8.00026 0.734999 0.865001 
-1000
11 10.03 4.03496 4.03496 0.27 1.33 
-997
7 9.41 0.0900002 8.00051 0.89 0.71 
-997
8.33333 9.565 1.33492 6.66698 0.734999 0.865001 
-997
7 9.875 0.375 8.00878 0.425 1.175 
-997
11 9.72 4.00605 4.00605 0.58 1.02 
-997
8.33333 9.41 1.33637 6.66727 0.89 0.71 
-1000
9 9.565 2.00106 6.00035 0.734999 0.865001 
-997
9 9.875 2.03485 6.01171 0.425 1.175 
-997
11 9.41 4.00101 4.00101 0.89 0.71 
-997
7 9.72 0.22 8.00302 0.58 1.02 
-997
9 9.1 2.03961 6.01332 1.2 0.4 
-26.489
7.66667 9.565 0.669828 7.33362 0.734999 0.865001 
-997
10.3333 9.565 3.33397 4.66712 0.734999 0.865001 
-999
11 9.72 4.00605 4.00605 0.58 1.02 
-999
10.3333 9.565 3.33397 4.66712 0.734999 0.865001 
-999
9 9.255 2.01495 6.005 1.045 0.555 
-997
7.66667 9.1 0.77746 7.34423 1.2 0.4 
-18.367
9 9.41 2.00202 6.00067 0.89 0.71 
-1000
9.66667 9.565 2.66746 5.33373 0.734999 0.865001 
-1001
8.33333 9.255 1.35566 6.67117 1.045 0.555 
-1000
7 9.255 0.245 8.00375 1.045 0.555 
-1000
8.33333 9.1 1.39204 6.67866 1.2 0.4 
-14.329
7 9.72 0.22 8.00302 0.58 1.02 
-997
9.66667 9.41 2.66819 5.33409 0.89 0.71 
-997
11 10.03 4.03496 4.03496 0.27 1.33 
-997
8.33333 10.03 1.43481 6.6877 0.27 1.33 
-16.132
7.66667 9.255 0.71026 7.33742 1.045 0.555 
-1000
7 10.03 0.53 8.01754 0.27 1.33 
-997
11 9.1 4.01995 4.01995 1.2 0.4 
-1000
8.33333 9.41 1.33637 6.66727 0.89 0.71 
-997
8.33333 9.1 1.39204 6.67866 1.2 0.4 
-997
10.3333 10.03 3.37521 4.69667 0.27 1.33 
-997
9 9.41 2.00202 6.00067 0.89 0.71 
-997
9.66667 9.72 2.67573 5.33787 0.58 1.02 
-997
7 9.41 0.0900002 8.00051 0.89 0.71 
-997
8.33333 10.03 1.43481 6.6877 0.27 1.33 
-28.085
11 10.03 4.03496 4.03496 0.27 1.33 
-999
9 10.03 2.06903 6.02336 0.27 1.33 
-997
7 9.565 0.0650005 8.00026 0.734999 0.865001 
-1000
11 10.03 4.03496 4.03496 0.27 1.33 
-997
10.3333 9.255 3.34232 4.67309 1.045 0.555 
-1000
9.66667 9.255 2.6779 5.33896 1.045 0.555 
-12.331
7.66667 9.565 0.669828 7.33362 0.734999 0.865001 
-999
9 9.72 2.01206 6.00403 0.58 1.02 
-1000
9 9.875 2.03485 6.01171 0.425 1.175 
-997
7 9.72 0.22 8.00302 0.58 1.02 
-1000
7 9.565 0.0650005 8.00026 0.734999 0.865001 
-997
9.66667 10.03 2.71883 5.3596 0.27 1.33 
-23.194
9 10.03 2.06903 6.02336 0.27 1.33 
-997
10.3333 9.1 3.35725 4.68378 1.2 0.4 
-997
7 9.1 0.4 8.00999 1.2 0.4 
-19.539
9.66667 9.1 2.6965 5.34831 1.2 0.4 
-12.453
7 9.875 0.375 8.00878 0.425 1.175 
-997
7 9.72 0.22 8.00302 0.58 1.02 
-997
8.33333 9.1 1.39204 6.67866 1.2 0.4 
-997
7 9.72 0.22 8.00302 0.58 1.02 
-1000
9.66667 9.255 2.6779 5.33896 1.045 0.555 
-997
9.66667 9.1 2.6965 5.34831 1.2 0.4 
-997
8.33333 9.41 1.33637 6.66727 0.89 0.71 
-1000
9 10.03 2.06903 6.02336 0.27 1.33 
-16.047
11 9.41 4.00101 4.00101 0.89 0.71 
-1000
9.66667 9.41 2.66819 5.33409 0.89 0.71 
-1000
9 9.72 2.01206 6.00403 0.58 1.02 
-1000
8.33333 9.875 1.38506 6.67721 0.425 1.175 
-15.568
8.33333 9.72 1.35136 6.6703 0.58 1.02 
-1000
9 10.03 2.06903 6.02336 0.27 1.33 
-25.168
11 9.41 4.00101 4.00101 0.89 0.71 
-1000
9 9.255 2.01495 6.005 1.045 0.555 
-1000
7.66667 9.565 0.669828 7.33362 0.734999 0.865001 
-999
11 9.875 4.01754 4.01754 0.425 1.175 
-997
9 10.03 2.06903 6.02336 0.27 1.33 
-997
7 9.565 0.0650005 8.00026 0.734999 0.865001 
-997
9 10.03 2.06903 6.02336 0.27 1.33 
-997
11 9.1 4.01995 4.01995 1.2 0.4 
-21.871
9.66667 9.875 2.6929 5.3465 0.425 1.175 
-14.025
7.66667 9.565 0.669828 7.33362 0.734999 0.865001 
-997
11 9.72 4.00605 4.00605 0.58 1.02 
-997
10.3333 9.41 3.33455 4.66753 0.89 0.71 
-997
11 9.41 4.00101 4.00101 0.89 0.71 
-997
9.66667 9.255 2.6779 5.33896 1.045 0.555 
-997
9 9.41 2.00202 6.00067 0.89 0.71 
-997
7 9.1 0.4 8.00999 1.2 0.4 
-32.058
7.66667 10.03 0.851671 7.35246 0.27 1.33 
-997
9.66667 9.1 2.6965 5.34831 1.2 0.4 
-997
7.66667 9.41 0.672714 7.33389 0.89 0.71 
-997
9.66667 9.1 2.6965 5.34831 1.2 0.4 
-11.805
10.3333 9.565 3.33397 4.66712 0.734999 0.865001 
-997
10.3333 9.72 3.34058 4.67185 0.58 1.02 
-999
7.66667 9.1 0.77746 7.34423 1.2 0.4 
-17.498
7 9.875 0.375 8.00878 0.425 1.175 
-1000
9 9.255 2.01495 6.005 1.045 0.555 
-997
7.66667 9.1 0.77746 7.34423 1.2 0.4 
-997
10.3333 9.875 3.35436 4.68171 0.425 1.175 
-999
11 9.875 4.01754 4.01754 0.425 1.175 
-997
9.66667 9.565 2.66746 5.33373 0.734999 0.865001 
-997
7.66667 9.565 0.669828 7.33362 0.734999 0.865001 
-997
9 9.875 2.03485 6.01171 0.425 1.175 
-1000
9.66667 9.72 2.67573 5.33787 0.58 1.02 
-997
9.66667 9.72 2.67573 5.33787 0.58 1.02 
-997
10.3333 9.255 3.34232 4.67309 1.045 0.555 
-1000
10.3333 9.1 3.35725 4.68378 1.2 0.4 
-997
8.33333 9.255 1.35566 6.67117 1.045 0.555 
-997
10.3333 9.72 3.34058 4.67185 0.58 1.02 
-997
8.33333 9.875 1.38506 6.67721 0.425 1.175 
-997
7.66667 9.255 0.71026 7.33742 1.045 0.555 
-1000
9 9.565 2.00106 6.00035 0.734999 0.865001 
-997
9.66667 9.255 2.6779 5.33896 1.045 0.555 
-1000
7 9.875 0.375 8.00878 0.425 1.175 
-997
8.33333 9.565 1.33492 6.66698 0.734999 0.865001 
-1000
9.66667 9.255 2.6779 5.33896 1.045 0.555 
-997
10.3333 9.72 3.34058 4.67185 0.58 1.02 
-997
10.3333 9.875 3.35436 4.68171 0.425 1.175 
-999
9.66667 9.255 2.6779 5.33896 1.045 0.555 
-12.685
7 9.72 0.22 8.00302 0.58 1.02 
-1000
9 9.565 2.00106 6.00035 0.734999 0.865001 
-999
10.3333 9.565 3.33397 4.66712 0.734999 0.865001 
-1001
10.3333 9.41 3.33455 4.66753 0.89 0.71 
-1000
8.33333 9.72 1.35136 6.6703 0.58 1.02 
-1000
9.66667 9.875 2.6929 5.3465 0.425 1.175 
-15.184
7 9.1 0.4 8.00999 1.2 0.4 
-19.766
9.66667 9.1 2.6965 5.34831 1.2 0.4 
-997
7.66667 9.1 0.77746 7.34423 1.2 0.4 
-997
7.66667 9.1 0.77746 7.34423 1.2 0.4 
-1000
8.33333 10.03 1.43481 6.6877 0.27 1.33 
-997
7 9.875 0.375 8.00878 0.425 1.175 
-997
11 9.41 4.00101 4.00101 0.89 0.71 
-1000
10.3333 9.1 3.35725 4.68378 1.2 0.4 
-11.961
10.3333 9.255 3.34232 4.67309 1.045 0.555 
-997
9 10.03 2.06903 6.02336 0.27 1.33 
-16.592
9 9.41 2.00202 6.00067 0.89 0.71 
-997
9.66667 9.255 2.6779 5.33896 1.045 0.555 
-1000
7.66667 10.03 0.851671 7.35246 0.27 1.33 
-31.189
10.3333 9.72 3.34058 4.67185 0.58 1.02 
-997
9 9.565 2.00106 6.00035 0.734999 0.865001 
-997
9.66667 9.72 2.67573 5.33787 0.58 1.02 
-997
11 9.875 4.01754 4.01754 0.425 1.175 
-1000
7 9.72 0.22 8.00302 0.58 1.02 
-997
7.66667 9.875 0.764898 7.34292 0.425 1.175 
-997
7.66667 9.41 0.672714 7.33389 0.89 0.71 
-1000
9 9.1 2.03961 6.01332 1.2 0.4 
-15.187
11 9.72 4.00605 4.00605 0.58 1.02 
-1000
11 10.03 4.03496 4.03496 0.27 1.33 
-999
7.66667 9.875 0.764898 7.34292 0.425 1.175 
-1000
9 9.875 2.03485 6.01171 0.425 1.175 
-997
7.66667 9.255 0.71026 7.33742 1.045 0.555 
-997
11 9.1 4.01995 4.01995 1.2 0.4 
-997
8.33333 9.41 1.33637 6.66727 0.89 0.71 
-1000
11 9.565 4.00053 4.00053 0.734999 0.865001 
-1001
8.33333 9.41 1.33637 6.66727 0.89 0.71 
-997
7 9.875 0.375 8.00878 0.425 1.175 
-997
11 9.565 4.00053 4.00053 0.734999 0.865001 
-997
11 9.565 4.00053 4.00053 0.734999 0.865001 
-999
7.66667 9.875 0.764898 7.34292 0.425 1.175 
-997
7.66667 9.41 0.672714 7.33389 0.89 0.71 
-1000
8.33333 9.41 1.33637 6.66727 0.89 0.71 
-997
8.33333 9.72 1.35136 6.6703 0.58 1.02 
-997
7 9.72 0.22 8.00302 0.58 1.02 
-1000
7 9.41 0.0900002 8.00051 0.89 0.71 
-997
7.66667 9.565 0.669828 7.33362 0.734999 0.865001 
-999
10.3333 9.255 3.34232 4.67309 1.045 0.555 
-997
9 9.72 2.01206 6.00403 0.58 1.02 
-997
10.3333 9.72 3.34058 4.67185 0.58 1.02 
-997
7 9.1 0.4 8.00999 1.2 0.4 
-32.585
8.33333 10.03 1.43481 6.6877 0.27 1.33 
-28.205
8.33333 9.255 1.35566 6.67117 1.045 0.555 
-1000
10.3333 9.565 3.33397 4.66712 0.734999 0.865001 
-997
8.33333 9.875 1.38506 6.67721 0.425 1.175 
-16.696
8.33333 9.875 1.38506 6.67721 0.425 1.175 
-28.697
7 10.03 0.53 8.01754 0.27 1.33 
-18.493
9.66667 9.1 2.6965 5.34831 1.2 0.4 
-997
10.3333 10.03 3.37521 4.69667 0.27 1.33 
-997
7 9.72 0.22 8.00302 0.58 1.02 
-1000
9.66667 9.72 2.67573 5.33787 0.58 1.02 
-997
7.66667 9.41 0.672714 7.33389 0.89 0.71 
-1000
9.66667 9.41 2.66819 5.33409 0.89 0.71 
-1000
11 9.72 4.00605 4.00605 0.58 1.02 
-997
7.66667 9.1 0.77746 7.34423 1.2 0.4 
-17.283
7 9.41 0.0900002 8.00051 0.89 0.71 
-1000
11 9.1 4.01995 4.01995 1.2 0.4 
-997
9 9.565 2.00106 6.00035 0.734999 0.865001 
-997
7.66667 9.255 0.71026 7.33742 1.045 0.555 
-1000
11 9.41 4.00101 4.00101 0.89 0.71 
-1000
8.33333 10.03 1.43481 6.6877 0.27 1.33 
-27.431
8.33333 10.03 1.43481 6.6877 0.27 1.33 
-997
7 9.72 0.22 8.00302 0.58 1.02 
-997
10.3333 10.03 3.37521 4.69667 0.27 1.33 
-999
11 9.255 4.0075 4.0075 1.045 0.555 
-1000
7.66667 10.03 0.851671 7.35246 0.27 1.33 
-30.387
11 9.255 4.0075 4.0075 1.045 0.555 
-997
7.66667 9.565 0.669828 7.33362 0.734999 0.865001 
-997
7 9.1 0.4 8.00999 1.2 0.4 
-997
9 9.565 2.00106 6.00035 0.734999 0.865001 
-997
7 9.1 0.4 8.00999 1.2 0.4 
-997
7 9.1 0.4 8.00999 1.2 0.4 
-997
11 9.565 4.00053 4.00053 0.734999 0.865001 
-997
8.33333 9.255 1.35566 6.67117 1.045 0.555 
-997
11 9.255 4.0075 4.0075 1.045 0.555 
-997
8.33333 10.03 1.43481 6.6877 0.27 1.33 
-16.34
10.3333 9.875 3.35436 4.68171 0.425 1.175 
-1000
7 9.255 0.245 8.00375 1.045 0.555 
-1000
7 9.72 0.22 8.00302 0.58 1.02 
-997
9.66667 9.72 2.67573 5.33787 0.58 1.02 
-999
7 9.875 0.375 8.00878 0.425 1.175 
-997
10.3333 9.255 3.34232 4.67309 1.045 0.555 
-997
11 9.72 4.00605 4.00605 0.58 1.02 
-997
10.3333 9.875 3.35436 4.68171 0.425 1.175 
-1000
10.3333 9.565 3.33397 4.66712 0.734999 0.865001 
-999
7 9.875 0.375 8.00878 0.425 1.175 
-1000
11 9.255 4.0075 4.0075 1.045 0.555 
-1000
9.66667 9.72 2.67573 5.33787 0.58 1.02 
-997
9.66667 10.03 2.71883 5.3596 0.27 1.33 
-997
7.66667 9.1 0.77746 7.34423 1.2 0.4 
-997
9 10.03 2.06903 6.02336 0.27 1.33 
-25.686
7 9.875 0.375 8.00878 0.425 1.175 
-1000
9.66667 9.72 2.67573 5.33787 0.58 1.02 
-1000
10.3333 9.255 3.34232 4.67309 1.045 0.555 
-1000
11 9.72 4.00605 4.00605 0.58 1.02 
-997
9.66667 9.72 2.67573 5.33787 0.58 1.02 
-997
7 9.1 0.4 8.00999 1.2 0.4 
-19.751
11 9.565 4.00053 4.00053 0.734999 0.865001 
-999
11 9.1 4.01995 4.01995 1.2 0.4 
-997
7 9.1 0.4 8.00999 1.2 0.4 
-997
9 9.72 2.01206 6.00403 0.58 1.02 
-1000
11 9.1 4.01995 4.01995 1.2 0.4 
-1000
7 9.875 0.375 8.00878 0.425 1.175 
-1000
9 9.1 2.03961 6.01332 1.2 0.4 
-997
8.33333 9.1 1.39204 6.67866 1.2 0.4 
-997
7 9.1 0.4 8.00999 1.2 0.4 
-31.285
11 9.72 4.00605 4.00605 0.58 1.02 
-997
7 9.875 0.375 8.00878 0.425 1.175 
-1000
7 9.255 0.245 8.00375 1.045 0.555 
-997
7 9.255 0.245 8.00375 1.045 0.555 
-1000
11 9.1 4.01995 4.01995 1.2 0.4 
-997
7.66667 9.72 0.702029 7.33663 0.58 1.02 
-997
11 9.255 4.0075 4.0075 1.045 0.555 
-1000
10.3333 9.72 3.34058 4.67185 0.58 1.02 
-1000
7.66667 9.1 0.77746 7.34423 1.2 0.4 
-1000
9.66667 9.72 2.67573 5.33787 0.58 1.02 
-997
7 9.1 0.4 8.00999 1.2 0.4 
-997
7 9.255 0.245 8.00375 1.045 0.555 
-997
8.33333 9.255 1.35566 6.67117 1.045 0.555 
-997
9.66667 10.03 2.71883 5.3596 0.27 1.33 
-997
7.66667 10.03 0.851671 7.35246 0.27 1.33 
-997
11 9.875 4.01754 4.01754 0.425 1.175 
-14.438
11 9.41 4.00101 4.00101 0.89 0.71 
-997
11 9.72 4.00605 4.00605 0.58 1.02 
-1000
9.66667 10.03 2.71883 5.3596 0.27 1.33 
-17.905
10.3333 10.03 3.37521 4.69667 0.27 1.33 
-16.963
9.66667 9.255 2.6779 5.33896 1.045 0.555 
-997
9.66667 10.03 2.71883 5.3596 0.27 1.33 
-997
11 9.1 4.01995 4.01995 1.2 0.4 
-997
9 9.255 2.01495 6.005 1.045 0.555 
-997
9.66667 10.03 2.71883 5.3596 0.27 1.33 
-997
8.33333 9.875 1.38506 6.67721 0.425 1.175 
-15.762
8.33333 10.03 1.43481 6.6877 0.27 1.33 
-17.317
11 9.565 4.00053 4.00053 0.734999 0.865001 
-997
11 9.565 4.00053 4.00053 0.734999 0.865001 
-999
10.3333 9.72 3.34058 4.67185 0.58 1.02 
-997
11 9.565 4.00053 4.00053 0.734999 0.865001 
-999
11 9.255 4.0075 4.0075 1.045 0.555 
-1000
11 9.41 4.00101 4.00101 0.89 0.71 
-997
7 9.41 0.0900002 8.00051 0.89 0.71 
-997
7 9.1 0.4 8.00999 1.2 0.4 
-997
11 9.1 4.01995 4.01995 1.2 0.4 
-999
8.33333 9.72 1.35136 6.6703 0.58 1.02 
-1000
11 9.255 4.0075 4.0075 1.045 0.555 
-997
10.3333 9.565 3.33397 4.66712 0.734999 0.865001 
-997
9 9.72 2.01206 6.00403 0.58 1.02 
-999
9.66667 9.72 2.67573 5.33787 0.58 1.02 
-997
10.3333 9.565 3.33397 4.66712 0.734999 0.865001 
-997
9.66667 9.72 2.67573 5.33787 0.58 1.02 
-997
11 9.875 4.01754 4.01754 0.425 1.175 
-999
9 9.565 2.00106 6.00035 0.734999 0.865001 
-997
11 9.565 4.00053 4.00053 0.734999 0.865001 
-997
7 9.41 0.0900002 8.00051 0.89 0.71 
-1000
8.33333 9.875 1.38506 6.67721 0.425 1.175 
-997
11 9.875 4.01754 4.01754 0.425 1.175 
-997
10.3333 9.255 3.34232 4.67309 1.045 0.555 
-997
8.33333 9.565 1.33492 6.66698 0.734999 0.865001 
-997
9 10.03 2.06903 6.02336 0.27 1.33 
-15.052
9 10.03 2.06903 6.02336 0.27 1.33 
-1000
8.33333 9.255 1.35566 6.67117 1.045 0.555 
-1000
7 9.875 0.375 8.00878 0.425 1.175 
-997
8.33333 9.565 1.33492 6.66698 0.734999 0.865001 
-997
9.66667 10.03 2.71883 5.3596 0.27 1.33 
-997
9.66667 9.565 2.66746 5.33373 0.734999 0.865001 
-999
7.66667 10.03 0.851671 7.35246 0.27 1.33 
-997
10.3333 9.255 3.34232 4.67309 1.045 0.555 
-1000
9 9.1 2.03961 6.01332 1.2 0.4 
-997
8.33333 9.1 1.39204 6.67866 1.2 0.4 
-15.77
10.3333 9.1 3.35725 4.68378 1.2 0.4 
-11.469
9 9.255 2.01495 6.005 1.045 0.555 
-1000
8.33333 9.41 1.33637 6.66727 0.89 0.71 
-1000
10.3333 9.1 3.35725 4.68378 1.2 0.4 
-11.993
8.33333 9.255 1.35566 6.67117 1.045 0.555 
-997
10.3333 9.72 3.34058 4.67185 0.58 1.02 
-997
10.3333 9.1 3.35725 4.68378 1.2 0.4 
-11.956
7 9.72 0.22 8.00302 0.58 1.02 
-997
8.33333 9.41 1.33637 6.66727 0.89 0.71 
-997
8.33333 9.72 1.35136 6.6703 0.58 1.02 
-999
11 9.255 4.0075 4.0075 1.045 0.555 
-1000
7 9.72 0.22 8.00302 0.58 1.02 
-1000
9 9.1 2.03961 6.01332 1.2 0.4 
-997
9 9.41 2.00202 6.00067 0.89 0.71 
-1000
7 9.1 0.4 8.00999 1.2 0.4 
-997
9 9.41 2.00202 6.00067 0.89 0.71 
-1000
11 9.875 4.01754 4.01754 0.425 1.175 
-997
7 9.72 0.22 8.00302 0.58 1.02 
-997
8.33333 9.41 1.33637 6.66727 0.89 0.71 
-997
8.33333 10.03 1.43481 6.6877 0.27 1.33 
-997
9.66667 9.565 2.66746 5.33373 0.734999 0.865001 
-999
11 9.255 4.0075 4.0075 1.045 0.555 
-1000
10.3333 9.255 3.34232 4.67309 1.045 0.555 
-1000
11 9.1 4.01995 4.01995 1.2 0.4 
-1000
8.33333 9.41 1.33637 6.66727 0.89 0.71 
-997
9 9.875 2.03485 6.01171 0.425 1.175 
-1000
9 9.565 2.00106 6.00035 0.734999 0.865001 
-997
9.66667 9.41 2.66819 5.33409 0.89 0.71 
-1000
7.66667 10.03 0.851671 7.35246 0.27 1.33 
-17.106
11 9.565 4.00053 4.00053 0.734999 0.865001 
-997
11 9.41 4.00101 4.00101 0.89 0.71 
-997
7 9.72 0.22 8.00302 0.58 1.02 
-997
8.33333 9.72 1.35136 6.6703 0.58 1.02 
-997
8.33333 9.565 1.33492 6.66698 0.734999 0.865001 
-999
10.3333 9.875 3.35436 4.68171 0.425 1.175 
-997
10.3333 9.72 3.34058 4.67185 0.58 1.02 
-999
7.66667 9.1 0.77746 7.34423 1.2 0.4 
-19.325
9.66667 9.565 2.66746 5.33373 0.734999 0.865001 
-1001
11 9.255 4.0075 4.0075 1.045 0.555 
-1000
9.66667 9.1 2.6965 5.34831 1.2 0.4 
-1000
7 9.1 0.4 8.00999 1.2 0.4 
-21.149
11 9.1 4.01995 4.01995 1.2 0.4 
-997
9.66667 9.72 2.67573 5.33787 0.58 1.02 
-999
9 9.1 2.03961 6.01332 1.2 0.4 
-997
9 9.1 2.03961 6.01332 1.2 0.4 
-997
10.3333 9.565 3.33397 4.66712 0.734999 0.865001 
-997
7 9.255 0.245 8.00375 1.045 0.555 
-997
9 9.72 2.01206 6.00403 0.58 1.02 
-997
11 9.1 4.01995 4.01995 1.2 0.4 
-997
9 9.255 2.01495 6.005 1.045 0.555 
-997
11 9.565 4.00053 4.00053 0.734999 0.865001 
-999
9.66667 9.255 2.6779 5.33896 1.045 0.555 
-1000
8.33333 9.41 1.33637 6.66727 0.89 0.71 
-1000
10.3333 9.41 3.33455 4.66753 0.89 0.71 
-997
9 10.03 2.06903 6.02336 0.27 1.33 
-15.539
10.3333 9.41 3.33455 4.66753 0.89 0.71 
-997
8.33333 9.255 1.35566 6.67117 1.045 0.555 
-997
7 9.41 0.0900002 8.00051 0.89 0.71 
-997
8.33333 9.72 1.35136 6.6703 0.58 1.02 
-997
9.66667 9.875 2.6929 5.3465 0.425 1.175 
-14.854
7 9.72 0.22 8.00302 0.58 1.02 
-997
8.33333 9.875 1.38506 6.67721 0.425 1.175 
-28.273
10.3333 9.565 3.33397 4.66712 0.734999 0.865001 
-997
9 10.03 2.06903 6.02336 0.27 1.33 
-997
10.3333 9.255 3.34232 4.67309 1.045 0.555 
-997
9.66667 10.03 2.71883 5.3596 0.27 1.33 
-16.319
8.33333 9.565 1.33492 6.66698 0.734999 0.865001 
-997
11 10.03 4.03496 4.03496 0.27 1.33 
-999
8.33333 9.41 1.33637 6.66727 0.89 0.71 
-1000
8.33333 9.565 1.33492 6.66698 0.734999 0.865001 
-997
9.66667 9.875 2.6929 5.3465 0.425 1.175 
-27.166
9 9.1 2.03961 6.01332 1.2 0.4 
-997
8.33333 9.255 1.35566 6.67117 1.045 0.555 
-1000
9 9.1 2.03961 6.01332 1.2 0.4 
-997
11 9.875 4.01754 4.01754 0.425 1.175 
-997
10.3333 9.41 3.33455 4.66753 0.89 0.71 
-1000
8.33333 9.255 1.35566 6.67117 1.045 0.555 
-997
7 9.72 0.22 8.00302 0.58 1.02 
-997
7.66667 10.03 0.851671 7.35246 0.27 1.33 
-997
7.66667 10.03 0.851671 7.35246 0.27 1.33 
-17.085
9 9.875 2.03485 6.01171 0.425 1.175 
-997
8.33333 9.1 1.39204 6.67866 1.2 0.4 
-997
11 10.03 4.03496 4.03496 0.27 1.33 
-997
11 9.875 4.01754 4.01754 0.425 1.175 
-997
7 9.565 0.0650005 8.00026 0.734999 0.865001 
-997
9 9.875 2.03485 6.01171 0.425 1.175 
-997
10.3333 9.255 3.34232 4.67309 1.045 0.555 
-1000
8.33333 9.72 1.35136 6.6703 0.58 1.02 
-997
9.66667 10.03 2.71883 5.3596 0.27 1.33 
-20.607
7 9.875 0.375 8.00878 0.425 1.175 
-997
7 9.41 0.0900002 8.00051 0.89 0.71 
-997
10.3333 9.565 3.33397 4.66712 0.734999 0.865001 
-997
9.66667 9.255 2.6779 5.33896 1.045 0.555 
-1000
11 9.565 4.00053 4.00053 0.734999 0.865001 
-997
9 9.1 2.03961 6.01332 1.2 0.4 
-997
9 9.1 2.03961 6.01332 1.2 0.4 
-997
10.3333 9.1 3.35725 4.68378 1.2 0.4 
-997
11 9.41 4.00101 4.00101 0.89 0.71 
-997
9 9.875 2.03485 6.01171 0.425 1.175 
-17.408
7 9.41 0.0900002 8.00051 0.89 0.71 
-1000
7.66667 9.875 0.764898 7.34292 0.425 1.175 
-997
7.66667 9.565 0.669828 7.33362 0.734999 0.865001 
-999
9.66667 9.1 2.6965 5.34831 1.2 0.4 
-23.671
9 10.03 2.06903 6.02336 0.27 1.33 
-26.757
10.3333 9.255 3.34232 4.67309 1.045 0.555 
-997
9 10.03 2.06903 6.02336 0.27 1.33 
-997
8.33333 10.03 1.43481 6.6877 0.27 1.33 
-997
7 9.565 0.0650005 8.00026 0.734999 0.865001 
-1000
9.66667 9.565 2.66746 5.33373 0.734999 0.865001 
-997
9.66667 9.875 2.6929 5.3465 0.425 1.175 
-997
9 9.1 2.03961 6.01332 1.2 0.4 
-997
8.33333 9.1 1.39204 6.67866 1.2 0.4 
-997
11 10.03 4.03496 4.03496 0.27 1.33 
-1000
8.33333 10.03 1.43481 6.6877 0.27 1.33 
-997
7.66667 9.875 0.764898 7.34292 0.425 1.175 
-997
7 9.41 0.0900002 8.00051 0.89 0.71 
-997
7 9.565 0.0650005 8.00026 0.734999 0.865001 
-997
11 10.03 4.03496 4.03496 0.27 1.33 
-997
9 9.72 2.01206 6.00403 0.58 1.02 
-997
10.3333 9.41 3.33455 4.66753 0.89 0.71 
-997
7.66667 9.565 0.669828 7.33362 0.734999 0.865001 
-999
9.66667 9.72 2.67573 5.33787 0.58 1.02 
-999
9.66667 9.565 2.66746 5.33373 0.734999 0.865001 
-997
11 9.41 4.00101 4.00101 0.89 0.71 
-1000
9.66667 9.255 2.6779 5.33896 1.045 0.555 
-997
7 9.565 0.0650005 8.00026 0.734999 0.865001 
-997
8.33333 9.565 1.33492 6.66698 0.734999 0.865001 
-999
8.33333 9.255 1.35566 6.67117 1.045 0.555 
-997
11 9.875 4.01754 4.01754 0.425 1.175 
-999
11 9.255 4.0075 4.0075 1.045 0.555 
-997
9 9.41 2.00202 6.00067 0.89 0.71 
-1000
7.66667 9.565 0.669828 7.33362 0.734999 0.865001 
-999
7.66667 9.41 0.672714 7.33389 0.89 0.71 
-997
7 9.41 0.0900002 8.00051 0.89 0.71 
-997
11 9.255 4.0075 4.0075 1.045 0.555 
-1000
7 9.255 0.245 8.00375 1.045 0.555 
-1000
9.66667 10.03 2.71883 5.3596 0.27 1.33 
-21.934
8.33333 9.1 1.39204 6.67866 1.2 0.4 
-1000
7.66667 9.41 0.672714 7.33389 0.89 0.71 
-1000
9 9.255 2.01495 6.005 1.045 0.555 
-1000
7 9.72 0.22 8.00302 0.58 1.02 
-997
9.66667 9.565 2.66746 5.33373 0.734999 0.865001 
-999
10.3333 10.03 3.37521 4.69667 0.27 1.33 
-17.353
7 9.565 0.0650005 8.00026 0.734999 0.865001 
-1000
7.66667 9.1 0.77746 7.34423 1.2 0.4 
-997
7 9.72 0.22 8.00302 0.58 1.02 
-1000
7.66667 9.565 0.669828 7.33362 0.734999 0.865001 
-997
7.66667 9.565 0.669828 7.33362 0.734999 0.865001 
-999
7.66667 9.41 0.672714 7.33389 0.89 0.71 
-1000
10.3333 9.1 3.35725 4.68378 1.2 0.4 
-10.909
11 9.875 4.01754 4.01754 0.425 1.175 
-997
9 9.565 2.00106 6.00035 0.734999 0.865001 
-999
8.33333 9.72 1.35136 6.6703 0.58 1.02 
-1000
9.66667 9.255 2.6779 5.33896 1.045 0.555 
-1000
8.33333 9.875 1.38506 6.67721 0.425 1.175 
-28.312
7 9.565 0.0650005 8.00026 0.734999 0.865001 
-1000
9.66667 9.875 2.6929 5.3465 0.425 1.175 
-1000
10.3333 10.03 3.37521 4.69667 0.27 1.33 
-997
8.33333 9.875 1.38506 6.67721 0.425 1.175 
-17.589
10.3333 9.255 3.34232 4.67309 1.045 0.555 
-997
10.3333 9.1 3.35725 4.68378 1.2 0.4 
-1000
11 9.875 4.01754 4.01754 0.425 1.175 
-997
7 9.565 0.0650005 8.00026 0.734999 0.865001 
-1000
7 9.1 0.4 8.00999 1.2 0.4 
-997
7 9.875 0.375 8.00878 0.425 1.175 
-997
11 9.72 4.00605 4.00605 0.58 1.02 
-1000
7 9.41 0.0900002 8.00051 0.89 0.71 
-1000
10.3333 9.875 3.35436 4.68171 0.425 1.175 
-997
7.66667 9.72 0.702029 7.33663 0.58 1.02 
-1000
7.66667 9.72 0.702029 7.33663 0.58 1.02 
-997
8.33333 9.72 1.35136 6.6703 0.58 1.02 
-1000
8.33333 9.255 1.35566 6.67117 1.045 0.555 
-997
11 9.875 4.01754 4.01754 0.425 1.175 
-997
7.66667 9.565 0.669828 7.33362 0.734999 0.865001 
-999
9 9.41 2.00202 6.00067 0.89 0.71 
-997
7 10.03 0.53 8.01754 0.27 1.33 
-997
8.33333 9.875 1.38506 6.67721 0.425 1.175 
-997
10.3333 9.565 3.33397 4.66712 0.734999 0.865001 
-997
8.33333 9.41 1.33637 6.66727 0.89 0.71 
-1000
9.66667 9.1 2.6965 5.34831 1.2 0.4 
-12.093
9 9.565 2.00106 6.00035 0.734999 0.865001 
-997
8.33333 10.03 1.43481 6.6877 0.27 1.33 
-997
7.66667 9.255 0.71026 7.33742 1.045 0.555 
-1000
11 10.03 4.03496 4.03496 0.27 1.33 
-997
7 9.1 0.4 8.00999 1.2 0.4 
-20.004
9.66667 9.1 2.6965 5.34831 1.2 0.4 
-13.475
7 9.41 0.0900002 8.00051 0.89 0.71 
-997
10.3333 9.565 3.33397 4.66712 0.734999 0.865001 
-999
8.33333 10.03 1.43481 6.6877 0.27 1.33 
-997
9 9.875 2.03485 6.01171 0.425 1.175 
-13.568
9.66667 9.565 2.66746 5.33373 0.734999 0.865001 
-999
7.66667 9.875 0.764898 7.34292 0.425 1.175 
-997
9 9.565 2.00106 6.00035 0.734999 0.865001 
-997
9.66667 10.03 2.71883 5.3596 0.27 1.33 
-24.55
8.33333 9.565 1.33492 6.66698 0.734999 0.865001 
-997
9.66667 9.41 2.66819 5.33409 0.89 0.71 
-997
9.66667 9.565 2.66746 5.33373 0.734999 0.865001 
-997
9 9.565 2.00106 6.00035 0.734999 0.865001 
-997
9 9.875 2.03485 6.01171 0.425 1.175 
-997
11 9.875 4.01754 4.01754 0.425 1.175 
-14.449
10.3333 9.255 3.34232 4.67309 1.045 0.555 
-1000
7 9.1 0.4 8.00999 1.2 0.4 
-19.825
8.33333 9.875 1.38506 6.67721 0.425 1.175 
-997
10.3333 9.72 3.34058 4.67185 0.58 1.02 
-1000
8.33333 9.255 1.35566 6.67117 1.045 0.555 
-997
11 9.1 4.01995 4.01995 1.2 0.4 
-999
11 9.565 4.00053 4.00053 0.734999 0.865001 
-999
9.66667 10.03 2.71883 5.3596 0.27 1.33 
-17.787
10.3333 9.41 3.33455 4.66753 0.89 0.71 
-997
8.33333 9.72 1.35136 6.6703 0.58 1.02 
-997
8.33333 9.875 1.38506 6.67721 0.425 1.175 
-997
7.66667 9.875 0.764898 7.34292 0.425 1.175 
-1000
10.3333 9.565 3.33397 4.66712 0.734999 0.865001 
-1000
9 10.03 2.06903 6.02336 0.27 1.33 
-997
8.33333 9.41 1.33637 6.66727 0.89 0.71 
-997
11 9.255 4.0075 4.0075 1.045 0.555 
-997
7.66667 9.72 0.702029 7.33663 0.58 1.02 
-997
8.33333 9.875 1.38506 6.67721 0.425 1.175 
-1000
10.3333 9.565 3.33397 4.66712 0.734999 0.865001 
-1001
9.66667 9.72 2.67573 5.33787 0.58 1.02 
-999
7 9.255 0.245 8.00375 1.045 0.555 
-997
8.33333 10.03 1.43481 6.6877 0.27 1.33 
-997
7 9.1 0.4 8.00999 1.2 0.4 
-997
9.66667 9.565 2.66746 5.33373 0.734999 0.865001 
-997
7 9.875 0.375 8.00878 0.425 1.175 
-1000
8.33333 9.565 1.33492 6.66698 0.734999 0.865001 
-997
7.66667 9.875 0.764898 7.34292 0.425 1.175 
-997
10.3333 9.255 3.34232 4.67309 1.045 0.555 
-997
11 9.1 4.01995 4.01995 1.2 0.4 
-997
11 9.255 4.0075 4.0075 1.045 0.555 
-1000
10.3333 9.72 3.34058 4.67185 0.58 1.02 
-997
9.66667 10.03 2.71883 5.3596 0.27 1.33 
-999
11 10.03 4.03496 4.03496 0.27 1.33 
-997
7.66667 9.41 0.672714 7.33389 0.89 0.71 
-997
9 9.565 2.00106 6.00035 0.734999 0.865001 
-999
8.33333 9.1 1.39204 6.67866 1.2 0.4 
-997
7.66667 9.255 0.71026 7.33742 1.045 0.555 
-18.714
9 9.875 2.03485 6.01171 0.425 1.175 
-997
7 9.72 0.22 8.00302 0.58 1.02 
-997
11 9.565 4.00053 4.00053 0.734999 0.865001 
-999
11 9.41 4.00101 4.00101 0.89 0.71 
-997
9 9.41 2.00202 6.00067 0.89 0.71 
-1000
7.66667 10.03 0.851671 7.35246 0.27 1.33 
-997
10.3333 9.565 3.33397 4.66712 0.734999 0.865001 
-999
7 9.41 0.0900002 8.00051 0.89 0.71 
-1000
9.66667 9.41 2.66819 5.33409 0.89 0.71 
-997
9.66667 9.72 2.67573 5.33787 0.58 1.02 
-999
7.66667 10.03 0.851671 7.35246 0.27 1.33 
-28.467
7 9.875 0.375 8.00878 0.425 1.175 
-997
9 9.1 2.03961 6.01332 1.2 0.4 
-997
7 9.255 0.245 8.00375 1.045 0.555 
-31.986
7.66667 9.72 0.702029 7.33663 0.58 1.02 
-997
11 9.72 4.00605 4.00605 0.58 1.02 
-997
7 9.255 0.245 8.00375 1.045 0.555 
-997
11 9.1 4.01995 4.01995 1.2 0.4 
-997
7 9.41 0.0900002 8.00051 0.89 0.71 
-1000
9 9.565 2.00106 6.00035 0.734999 0.865001 
-999
7.66667 9.565 0.669828 7.33362 0.734999 0.865001 
-997
11 9.255 4.0075 4.0075 1.045 0.555 
-997
9 9.255 2.01495 6.005 1.045 0.555 
-997
7 9.72 0.22 8.00302 0.58 1.02 
-997
9.66667 10.03 2.71883 5.3596 0.27 1.33 
-18.551
7.66667 9.1 0.77746 7.34423 1.2 0.4 
-1000
7.66667 9.255 0.71026 7.33742 1.045 0.555 
-997
11 10.03 4.03496 4.03496 0.27 1.33 
-997
10.3333 9.255 3.34232 4.67309 1.045 0.555 
-997
9 9.255 2.01495 6.005 1.045 0.555 
-1000
7.66667 9.1 0.77746 7.34423 1.2 0.4 
-1000
7.66667 10.03 0.851671 7.35246 0.27 1.33 
-997
9 10.03 2.06903 6.02336 0.27 1.33 
-14.665
7.66667 9.255 0.71026 7.33742 1.045 0.555 
-997
7.66667 10.03 0.851671 7.35246 0.27 1.33 
-17.023
7 10.03 0.53 8.01754 0.27 1.33 
-18.469
9 10.03 2.06903 6.02336 0.27 1.33 
-997
7 9.41 0.0900002 8.00051 0.89 0.71 
-1000
7.66667 10.03 0.851671 7.35246 0.27 1.33 
-19.844
7.66667 9.255 0.71026 7.33742 1.045 0.555 
-997
10.3333 9.875 3.35436 4.68171 0.425 1.175 
-997
9.66667 9.72 2.67573 5.33787 0.58 1.02 
-997
8.33333 9.72 1.35136 6.6703 0.58 1.02 
-1000
8.33333 9.565 1.33492 6.66698 0.734999 0.865001 
-999
9.66667 9.875 2.6929 5.3465 0.425 1.175 
-997
9.66667 9.255 2.6779 5.33896 1.045 0.555 
-1000
8.33333 9.255 1.35566 6.67117 1.045 0.555 
-1000
10.3333 9.875 3.35436 4.68171 0.425 1.175 
-997
9 9.41 2.00202 6.00067 0.89 0.71 
-997
8.33333 9.565 1.33492 6.66698 0.734999 0.865001 
-999
8.33333 10.03 1.43481 6.6877 0.27 1.33 
-16.652
9.66667 9.875 2.6929 5.3465 0.425 1.175 
-23.164
7.66667 9.875 0.764898 7.34292 0.425 1.175 
-1000
11 9.1 4.01995 4.01995 1.2 0.4 
-997
11 9.255 4.0075 4.0075 1.045 0.555 
-1000
7 9.41 0.0900002 8.00051 0.89 0.71 
-997
7 9.1 0.4 8.00999 1.2 0.4 
-20.048
7 9.41 0.0900002 8.00051 0.89 0.71 
-1000
7 9.255 0.245 8.00375 1.045 0.555 
-997
10.3333 10.03 3.37521 4.69667 0.27 1.33 
-997
9.66667 9.41 2.66819 5.33409 0.89 0.71 
-997
8.33333 9.1 1.39204 6.67866 1.2 0.4 
-15.099
7 10.03 0.53 8.01754 0.27 1.33 
-1000
7.66667 9.255 0.71026 7.33742 1.045 0.555 
-1000
9 10.03 2.06903 6.02336 0.27 1.33 
-15.678
8.33333 9.875 1.38506 6.67721 0.425 1.175 
-30.939
8.33333 9.875 1.38506 6.67721 0.425 1.175 
-997
7 9.875 0.375 8.00878 0.425 1.175 
-1000
9 10.03 2.06903 6.02336 0.27 1.33 
-1000
9.66667 9.875 2.6929 5.3465 0.425 1.175 
-997
8.33333 9.72 1.35136 6.6703 0.58 1.02 
-997
9 9.41 2.00202 6.00067 0.89 0.71 
-1000
8.33333 9.41 1.33637 6.66727 0.89 0.71 
-1000
10.3333 9.255 3.34232 4.67309 1.045 0.555 
-1000
10.3333 9.875 3.35436 4.68171 0.425 1.175 
-999
7 9.875 0.375 8.00878 0.425 1.175 
-997
9 9.255 2.01495 6.005 1.045 0.555 
-1000
7 10.03 0.53 8.01754 0.27 1.33 
-997
7 9.255 0.245 8.00375 1.045 0.555 
-31.967
7 9.255 0.245 8.00375 1.045 0.555 
-997
9.66667 9.255 2.6779 5.33896 1.045 0.555 
-15.15
9 9.1 2.03961 6.01332 1.2 0.4 
-997
10.3333 9.72 3.34058 4.67185 0.58 1.02 
-997
11 9.72 4.00605 4.00605 0.58 1.02 
-1000
8.33333 9.1 1.39204 6.67866 1.2 0.4 
-15.349
9.66667 9.875 2.6929 5.3465 0.425 1.175 
-14.988
11 10.03 4.03496 4.03496 0.27 1.33 
-1001
8.33333 9.875 1.38506 6.67721 0.425 1.175 
-997
10.3333 10.03 3.37521 4.69667 0.27 1.33 
-999
7 9.875 0.375 8.00878 0.425 1.175 
-997
7.66667 9.875 0.764898 7.34292 0.425 1.175 
-1000
9 9.255 2.01495 6.005 1.045 0.555 
-997
8.33333 9.875 1.38506 6.67721 0.425 1.175 
-997
9 9.41 2.00202 6.00067 0.89 0.71 
-1000
10.3333 9.1 3.35725 4.68378 1.2 0.4 
-997
11 9.875 4.01754 4.01754 0.425 1.175 
-997
11 9.875 4.01754 4.01754 0.425 1.175 
-999
7 9.875 0.375 8.00878 0.425 1.175 
-1000
7.66667 9.255 0.71026 7.33742 1.045 0.555 
-1000
9.66667 9.41 2.66819 5.33409 0.89 0.71 
-1000
10.3333 9.565 3.33397 4.66712 0.734999 0.865001 
-999
9 10.03 2.06903 6.02336 0.27 1.33 
-26.63
7 9.72 0.22 8.00302 0.58 1.02 
-997
7.66667 9.565 0.669828 7.33362 0.734999 0.865001 
-997
8.33333 9.875 1.38506 6.67721 0.425 1.175 
-997
11 9.565 4.00053 4.00053 0.734999 0.865001 
-999
8.33333 9.41 1.33637 6.66727 0.89 0.71 
-997
10.3333 10.03 3.37521 4.69667 0.27 1.33 
-999
7.66667 9.1 0.77746 7.34423 1.2 0.4 
-997
8.33333 9.565 1.33492 6.66698 0.734999 0.865001 
-997
11 9.875 4.01754 4.01754 0.425 1.175 
-999
10.3333 9.255 3.34232 4.67309 1.045 0.555 
-1000
11 9.41 4.00101 4.00101 0.89 0.71 
-997
10.3333 9.565 3.33397 4.66712 0.734999 0.865001 
-997
9.66667 9.875 2.6929 5.3465 0.425 1.175 
-1000
8.33333 9.1 1.39204 6.67866 1.2 0.4 
-15.088
9 9.255 2.01495 6.005 1.045 0.555 
-26.249
10.3333 9.41 3.33455 4.66753 0.89 0.71 
-997
10.3333 9.72 3.34058 4.67185 0.58 1.02 
-997
8.33333 9.1 1.39204 6.67866 1.2 0.4 
-997
11 9.255 4.0075 4.0075 1.045 0.555 
-997
7.66667 9.1 0.77746 7.34423 1.2 0.4 
-1000
10.3333 10.03 3.37521 4.69667 0.27 1.33 
-997
8.33333 9.72 1.35136 6.6703 0.58 1.02 
-1000
9.66667 9.41 2.66819 5.33409 0.89 0.71 
-997
9 10.03 2.06903 6.02336 0.27 1.33 
-16.05
9 9.1 2.03961 6.01332 1.2 0.4 
-1000
9.66667 9.875 2.6929 5.3465 0.425 1.175 
-997
9.66667 9.875 2.6929 5.3465 0.425 1.175 
-18.425
9.66667 9.41 2.66819 5.33409 0.89 0.71 
-997
8.33333 9.255 1.35566 6.67117 1.045 0.555 
-1000
9 10.03 2.06903 6.02336 0.27 1.33 
-26.337
7.66667 10.03 0.851671 7.35246 0.27 1.33 
-997
8.33333 9.875 1.38506 6.67721 0.425 1.175 
-15.726
10.3333 9.565 3.33397 4.66712 0.734999 0.865001 
-997
9.66667 9.72 2.67573 5.33787 0.58 1.02 
-999
8.33333 9.255 1.35566 6.67117 1.045 0.555 
-14.52
7 9.875 0.375 8.00878 0.425 1.175 
-997
9.66667 9.41 2.66819 5.33409 0.89 0.71 
-997
9.66667 9.1 2.6965 5.34831 1.2 0.4 
-11.597
9 10.03 2.06903 6.02336 0.27 1.33 
-26.223
9.66667 9.1 2.6965 5.34831 1.2 0.4 
-997
8.33333 10.03 1.43481 6.6877 0.27 1.33 
-997
9 9.255 2.01495 6.005 1.045 0.555 
-1000
8.33333 9.565 1.33492 6.66698 0.734999 0.865001 
-1000
7.66667 9.565 0.669828 7.33362 0.734999 0.865001 
-999
11 9.1 4.01995 4.01995 1.2 0.4 
-997
11 9.565 4.00053 4.00053 0.734999 0.865001 
-997
11 9.875 4.01754 4.01754 0.425 1.175 
-1000
9.66667 9.72 2.67573 5.33787 0.58 1.02 
-1000
7.66667 9.565 0.669828 7.33362 0.734999 0.865001 
-997
11 9.72 4.00605 4.00605 0.58 1.02 
-1001
10.3333 9.72 3.34058 4.67185 0.58 1.02 
-999
7.66667 9.255 0.71026 7.33742 1.045 0.555 
-997
9 9.1 2.03961 6.01332 1.2 0.4 
-13.788
8.33333 10.03 1.43481 6.6877 0.27 1.33 
-17.063
10.3333 9.1 3.35725 4.68378 1.2 0.4 
-997
11 9.1 4.01995 4.01995 1.2 0.4 
-1000
7.66667 9.41 0.672714 7.33389 0.89 0.71 
-997
9 9.565 2.00106 6.00035 0.734999 0.865001 
-997
9.66667 9.1 2.6965 5.34831 1.2 0.4 
-997
9 9.565 2.00106 6.00035 0.734999 0.865001 
-1000
7 9.565 0.0650005 8.00026 0.734999 0.865001 
-997
10.3333 10.03 3.37521 4.69667 0.27 1.33 
-18.093
11 9.41 4.00101 4.00101 0.89 0.71 
-1000
10.3333 10.03 3.37521 4.69667 0.27 1.33 
-997
9.66667 9.41 2.66819 5.33409 0.89 0.71 
-997
8.33333 9.255 1.35566 6.67117 1.045 0.555 
-1000
7 9.41 0.0900002 8.00051 0.89 0.71 
-997
7.66667 9.72 0.702029 7.33663 0.58 1.02 
-1000
11 9.255 4.0075 4.0075 1.045 0.555 
-997
9.66667 9.255 2.6779 5.33896 1.045 0.555 
-997
11 9.41 4.00101 4.00101 0.89 0.71 
-997
8.33333 10.03 1.43481 6.6877 0.27 1.33 
-16.085
7.66667 9.255 0.71026 7.33742 1.045 0.555 
-1000
7.66667 10.03 0.851671 7.35246 0.27 1.33 
-997
9.66667 9.41 2.66819 5.33409 0.89 0.71 
-1000
7 9.255 0.245 8.00375 1.045 0.555 
-1000
7.66667 9.41 0.672714 7.33389 0.89 0.71 
-1000
9.66667 9.1 2.6965 5.34831 1.2 0.4 
-12.524
9.66667 9.875 2.6929 5.3465 0.425 1.175 
-14.896
9 9.565 2.00106 6.00035 0.734999 0.865001 
-999
9.66667 9.565 2.66746 5.33373 0.734999 0.865001 
-997
9.66667 9.1 2.6965 5.34831 1.2 0.4 
-997
9.66667 9.72 2.67573 5.33787 0.58 1.02 
-997
7 9.565 0.0650005 8.00026 0.734999 0.865001 
-997
7 9.72 0.22 8.00302 0.58 1.02 
-997
9 9.565 2.00106 6.00035 0.734999 0.865001 
-997
7 9.255 0.245 8.00375 1.045 0.555 
-997
7.66667 10.03 0.851671 7.35246 0.27 1.33 
-997
11 10.03 4.03496 4.03496 0.27 1.33 
-999
9.66667 9.41 2.66819 5.33409 0.89 0.71 
-997
10.3333 9.565 3.33397 4.66712 0.734999 0.865001 
-997
7 9.41 0.0900002 8.00051 0.89 0.71 
-997
9 10.03 2.06903 6.02336 0.27 1.33 
-13.653
9.66667 9.875 2.6929 5.3465 0.425 1.175 
-1001
11 10.03 4.03496 4.03496 0.27 1.33 
-29.181
7.66667 9.255 0.71026 7.33742 1.045 0.555 
-1000
7 9.72 0.22 8.00302 0.58 1.02 
-997
7 9.255 0.245 8.00375 1.045 0.555 
-997
9 9.565 2.00106 6.00035 0.734999 0.865001 
-999
7 9.72 0.22 8.00302 0.58 1.02 
-997
10.3333 9.255 3.34232 4.67309 1.045 0.555 
-1000
8.33333 10.03 1.43481 6.6877 0.27 1.33 
-997
9 9.565 2.00106 6.00035 0.734999 0.865001 
-997
11 9.41 4.00101 4.00101 0.89 0.71 
-1000
10.3333 9.565 3.33397 4.66712 0.734999 0.865001 
-997
7 9.875 0.375 8.00878 0.425 1.175 
-1000
7 9.255 0.245 8.00375 1.045 0.555 
-997
7 9.565 0.0650005 8.00026 0.734999 0.865001 
-997
10.3333 9.565 3.33397 4.66712 0.734999 0.865001 
-997
10.3333 9.72 3.34058 4.67185 0.58 1.02 
-999
9 10.03 2.06903 6.02336 0.27 1.33 
-997
8.33333 10.03 1.43481 6.6877 0.27 1.33 
-997
8.33333 9.72 1.35136 6.6703 0.58 1.02 
-999
8.33333 9.41 1.33637 6.66727 0.89 0.71 
-1000
9 9.41 2.00202 6.00067 0.89 0.71 
-1000
9 9.255 2.01495 6.005 1.045 0.555 
-997
10.3333 9.875 3.35436 4.68171 0.425 1.175 
-997
9 9.72 2.01206 6.00403 0.58 1.02 
-17.168
10.3333 9.1 3.35725 4.68378 1.2 0.4 
-997
11 9.41 4.00101 4.00101 0.89 0.71 
-1000
7.66667 9.72 0.702029 7.33663 0.58 1.02 
-1000
9 9.565 2.00106 6.00035 0.734999 0.865001 
-999
11 9.875 4.01754 4.01754 0.425 1.175 
-997
10.3333 9.565 3.33397 4.66712 0.734999 0.865001 
-1001
7.66667 10.03 0.851671 7.35246 0.27 1.33 
-997
11 9.72 4.00605 4.00605 0.58 1.02 
-999
7 9.565 0.0650005 8.00026 0.734999 0.865001 
-1000
9 9.41 2.00202 6.00067 0.89 0.71 
-997
11 10.03 4.03496 4.03496 0.27 1.33 
-997
9 10.03 2.06903 6.02336 0.27 1.33 
-17.318
9.66667 9.72 2.67573 5.33787 0.58 1.02 
-997
10.3333 9.875 3.35436 4.68171 0.425 1.175 
-997
7 9.565 0.0650005 8.00026 0.734999 0.865001 
-1000
7.66667 9.1 0.77746 7.34423 1.2 0.4 
-997
10.3333 9.875 3.35436 4.68171 0.425 1.175 
-997
11 9.72 4.00605 4.00605 0.58 1.02 
-999
8.33333 9.565 1.33492 6.66698 0.734999 0.865001 
-997
10.3333 10.03 3.37521 4.69667 0.27 1.33 
-997
7 9.1 0.4 8.00999 1.2 0.4 
-997
7 10.03 0.53 8.01754 0.27 1.33 
-997
10.3333 9.255 3.34232 4.67309 1.045 0.555 
-997
9.66667 9.875 2.6929 5.3465 0.425 1.175 
-15.01
9 10.03 2.06903 6.02336 0.27 1.33 
-19.08
7 9.875 0.375 8.00878 0.425 1.175 
-1000
7 9.1 0.4 8.00999 1.2 0.4 
-18.737
7 10.03 0.53 8.01754 0.27 1.33 
-997
9.66667 9.72 2.67573 5.33787 0.58 1.02 
-999
11 9.565 4.00053 4.00053 0.734999 0.865001 
-997
10.3333 9.255 3.34232 4.67309 1.045 0.555 
-997
9 9.41 2.00202 6.00067 0.89 0.71 
-1000
10.3333 9.875 3.35436 4.68171 0.425 1.175 
-999
11 9.875 4.01754 4.01754 0.425 1.175 
-997
7 9.72 0.22 8.00302 0.58 1.02 
-997
11 9.255 4.0075 4.0075 1.045 0.555 
-997
11 9.1 4.01995 4.01995 1.2 0.4 
-997
9 9.255 2.01495 6.005 1.045 0.555 
-997
10.3333 10.03 3.37521 4.69667 0.27 1.33 
-21.426
11 9.565 4.00053 4.00053 0.734999 0.865001 
-997
11 9.565 4.00053 4.00053 0.734999 0.865001 
-1001
11 9.565 4.00053 4.00053 0.734999 0.865001 
-1000
9.66667 9.1 2.6965 5.34831 1.2 0.4 
-1000
9.66667 9.1 2.6965 5.34831 1.2 0.4 
-1000
10.3333 10.03 3.37521 4.69667 0.27 1.33 
-997
10.3333 9.41 3.33455 4.66753 0.89 0.71 
-1000
10.3333 9.875 3.35436 4.68171 0.425 1.175 
-1000
9.66667 9.72 2.67573 5.33787 0.58 1.02 
-999
9.66667 10.03 2.71883 5.3596 0.27 1.33 
-25.397
7.66667 9.255 0.71026 7.33742 1.045 0.555 
-1000
9 9.565 2.00106 6.00035 0.734999 0.865001 
-999
10.3333 9.1 3.35725 4.68378 1.2 0.4 
-12.699
8.33333 9.255 1.35566 6.67117 1.045 0.555 
-1000
8.33333 9.41 1.33637 6.66727 0.89 0.71 
-997
8.33333 9.875 1.38506 6.67721 0.425 1.175 
-1000
11 9.875 4.01754 4.01754 0.425 1.175 
-1000
9 9.1 2.03961 6.01332 1.2 0.4 
-15.178
9 9.565 2.00106 6.00035 0.734999 0.865001 
-997
7.66667 9.41 0.672714 7.33389 0.89 0.71 
-997
7.66667 9.41 0.672714 7.33389 0.89 0.71 
-1000
8.33333 10.03 1.43481 6.6877 0.27 1.33 
-16.664
11 9.72 4.00605 4.00605 0.58 1.02 
-999
9.66667 9.72 2.67573 5.33787 0.58 1.02 
-997
8.33333 9.41 1.33637 6.66727 0.89 0.71 
-997
7 9.1 0.4 8.00999 1.2 0.4 
-997
10.3333 9.255 3.34232 4.67309 1.045 0.555 
-1000
7.66667 9.72 0.702029 7.33663 0.58 1.02 
-1000
11 9.1 4.01995 4.01995 1.2 0.4 
-999
7.66667 9.565 0.669828 7.33362 0.734999 0.865001 
-997
7.66667 9.255 0.71026 7.33742 1.045 0.555 
-997
11 9.255 4.0075 4.0075 1.045 0.555 
-1000
7.66667 9.72 0.702029 7.33663 0.58 1.02 
-1000
7.66667 9.41 0.672714 7.33389 0.89 0.71 
-1000
9.66667 9.1 2.6965 5.34831 1.2 0.4 
-12.738
11 9.565 4.00053 4.00053 0.734999 0.865001 
-997
7 9.255 0.245 8.00375 1.045 0.555 
-1000
8.33333 9.41 1.33637 6.66727 0.89 0.71 
-1000
10.3333 9.255 3.34232 4.67309 1.045 0.555 
-997
9.66667 9.875 2.6929 5.3465 0.425 1.175 
-24.878
7 9.255 0.245 8.00375 1.045 0.555 
-997
11 9.565 4.00053 4.00053 0.734999 0.865001 
-997
7.66667 10.03 0.851671 7.35246 0.27 1.33 
-17.395
10.3333 10.03 3.37521 4.69667 0.27 1.33 
-999
8.33333 9.41 1.33637 6.66727 0.89 0.71 
-1000
9.66667 9.255 2.6779 5.33896 1.045 0.555 
-997
8.33333 9.41 1.33637 6.66727 0.89 0.71 
-1000
8.33333 9.875 1.38506 6.67721 0.425 1.175 
-997
7 10.03 0.53 8.01754 0.27 1.33 
-19.715
10.3333 9.875 3.35436 4.68171 0.425 1.175 
-997
9.66667 9.875 2.6929 5.3465 0.425 1.175 
-1000
8.33333 9.255 1.35566 6.67117 1.045 0.555 
-1000
8.33333 9.41 1.33637 6.66727 0.89 0.71 
-997
10.3333 9.1 3.35725 4.68378 1.2 0.4 
-1000
7 9.565 0.0650005 8.00026 0.734999 0.865001 
-997
10.3333 9.565 3.33397 4.66712 0.734999 0.865001 
-1000
10.3333 9.255 3.34232 4.67309 1.045 0.555 
-997
11 9.565 4.00053 4.00053 0.734999 0.865001 
-997
7 9.1 0.4 8.00999 1.2 0.4 
-19.322
9.66667 10.03 2.71883 5.3596 0.27 1.33 
-997
7.66667 9.72 0.702029 7.33663 0.58 1.02 
-997
7.66667 10.03 0.851671 7.35246 0.27 1.33 
-997
9.66667 10.03 2.71883 5.3596 0.27 1.33 
-997
9 9.255 2.01495 6.005 1.045 0.555 
-1000
9 10.03 2.06903 6.02336 0.27 1.33 
-997
7.66667 10.03 0.851671 7.35246 0.27 1.33 
-30.357
8.33333 9.72 1.35136 6.6703 0.58 1.02 
-999
9.66667 9.1 2.6965 5.34831 1.2 0.4 
-23.36
9.66667 10.03 2.71883 5.3596 0.27 1.33 
-24.348
7.66667 9.72 0.702029 7.33663 0.58 1.02 
-1000
8.33333 9.565 1.33492 6.66698 0.734999 0.865001 
-999
10.3333 9.875 3.35436 4.68171 0.425 1.175 
-15.156
7.66667 9.1 0.77746 7.34423 1.2 0.4 
-1000
10.3333 9.1 3.35725 4.68378 1.2 0.4 
-997
9.66667 9.875 2.6929 5.3465 0.425 1.175 
-997
9.66667 9.1 2.6965 5.34831 1.2 0.4 
-997
8.33333 9.255 1.35566 6.67117 1.045 0.555 
-1000
7 9.1 0.4 8.00999 1.2 0.4 
-32.608
7 9.565 0.0650005 8.00026 0.734999 0.865001 
-1000
9 9.875 2.03485 6.01171 0.425 1.175 
-997
10.3333 10.03 3.37521 4.69667 0.27 1.33 
-997
10.3333 9.255 3.34232 4.67309 1.045 0.555 
-1000
11 9.72 4.00605 4.00605 0.58 1.02 
-997
7.66667 10.03 0.851671 7.35246 0.27 1.33 
-19.306
9 9.41 2.00202 6.00067 0.89 0.71 
-1000
7 9.1 0.4 8.00999 1.2 0.4 
-31.263
7 9.41 0.0900002 8.00051 0.89 0.71 
-997
8.33333 9.255 1.35566 6.67117 1.045 0.555 
-997
11 9.565 4.00053 4.00053 0.734999 0.865001 
-997
7.66667 9.1 0.77746 7.34423 1.2 0.4 
-28.591
7 9.875 0.375 8.00878 0.425 1.175 
-1000
7.66667 9.1 0.77746 7.34423 1.2 0.4 
-997
9 9.72 2.01206 6.00403 0.58 1.02 
-1000
10.3333 9.72 3.34058 4.67185 0.58 1.02 
-1000
10.3333 9.1 3.35725 4.68378 1.2 0.4 
-997
7 9.565 0.0650005 8.00026 0.734999 0.865001 
-997
7.66667 9.255 0.71026 7.33742 1.045 0.555 
-997
7 9.72 0.22 8.00302 0.58 1.02 
-997
10.3333 9.255 3.34232 4.67309 1.045 0.555 
-997
11 9.1 4.01995 4.01995 1.2 0.4 
-997
8.33333 10.03 1.43481 6.6877 0.27 1.33 
-16.563
7 9.72 0.22 8.00302 0.58 1.02 
-1000
9.66667 10.03 2.71883 5.3596 0.27 1.33 
-19.13
9.66667 9.72 2.67573 5.33787 0.58 1.02 
-999
10.3333 9.72 3.34058 4.67185 0.58 1.02 
-1000
8.33333 9.72 1.35136 6.6703 0.58 1.02 
-1000
7.66667 9.72 0.702029 7.33663 0.58 1.02 
-997
7.66667 9.565 0.669828 7.33362 0.734999 0.865001 
-997
9 9.41 2.00202 6.00067 0.89 0.71 
-997
8.33333 9.875 1.38506 6.67721 0.425 1.175 
-997
10.3333 9.255 3.34232 4.67309 1.045 0.555 
-997
8.33333 9.255 1.35566 6.67117 1.045 0.555 
-997
7.66667 9.875 0.764898 7.34292 0.425 1.175 
-997
10.3333 9.565 3.33397 4.66712 0.734999 0.865001 
-997
9.66667 10.03 2.71883 5.3596 0.27 1.33 
-19.253
10.3333 9.875 3.35436 4.68171 0.425 1.175 
-1000
10.3333 9.72 3.34058 4.67185 0.58 1.02 
-997
10.3333 9.255 3.34232 4.67309 1.045 0.555 
-997
7 10.03 0.53 8.01754 0.27 1.33 
-18.537
10.3333 9.875 3.35436 4.68171 0.425 1.175 
-997
7 9.1 0.4 8.00999 1.2 0.4 
-997
7.66667 9.72 0.702029 7.33663 0.58 1.02 
-997
7 9.72 0.22 8.00302 0.58 1.02 
-997
9 9.72 2.01206 6.00403 0.58 1.02 
-999
7 9.41 0.0900002 8.00051 0.89 0.71 
-1000
10.3333 9.72 3.34058 4.67185 0.58 1.02 
-999
9.66667 9.255 2.6779 5.33896 1.045 0.555 
-1000
7.66667 9.565 0.669828 7.33362 0.734999 0.865001 
-997
11 10.03 4.03496 4.03496 0.27 1.33 
-997
8.33333 9.41 1.33637 6.66727 0.89 0.71 
-1000
7.66667 9.41 0.672714 7.33389 0.89 0.71 
-997
9 9.72 2.01206 6.00403 0.58 1.02 
-997
9 9.875 2.03485 6.01171 0.425 1.175 
-1000
11 9.255 4.0075 4.0075 1.045 0.555 
-1000
7.66667 9.255 0.71026 7.33742 1.045 0.555 
-1000
9 9.1 2.03961 6.01332 1.2 0.4 
-997
7.66667 9.875 0.764898 7.34292 0.425 1.175 
-1000
9 9.72 2.01206 6.00403 0.58 1.02 
-997
9.66667 9.72 2.67573 5.33787 0.58 1.02 
-997
10.3333 9.875 3.35436 4.68171 0.425 1.175 
-14.353
11 9.41 4.00101 4.00101 0.89 0.71 
-1000
9 9.565 2.00106 6.00035 0.734999 0.865001 
-997
7.66667 9.1 0.77746 7.34423 1.2 0.4 
-997
7.66667 9.1 0.77746 7.34423 1.2 0.4 
-997
8.33333 9.1 1.39204 6.67866 1.2 0.4 
-997
11 9.72 4.00605 4.00605 0.58 1.02 
-997
11 9.875 4.01754 4.01754 0.425 1.175 
-997
7.66667 9.41 0.672714 7.33389 0.89 0.71 
-999
9.66667 9.875 2.6929 5.3465 0.425 1.175 
-997
7.66667 9.41 0.672714 7.33389 0.89 0.71 
-1000
7 9.875 0.375 8.00878 0.425 1.175 
-997
9.66667 9.875 2.6929 5.3465 0.425 1.175 
-997
9 9.1 2.03961 6.01332 1.2 0.4 
-1000
8.33333 9.1 1.39204 6.67866 1.2 0.4 
-997
