10.75 9.63333 3.75133 6.2508 0.75 0.8
-999
10.75 9.5 3.75 6.25 0.85 0.7
-1000
7.0 9.36667 0.15 10.00112 1.05948 0.55
-1000
7.0 10.0 0.5 10.01249 0.49497 1.2
-1000
7.0 9.9 0.4 10.008 0.57009 1.1
-1000
10.75 10.0 3.78319 6.26997 0.35 1.2
-1000
10.75 10.0 3.78319 6.26997 0.35 1.2
-1000
10.75 9.36667 3.753 6.2518 1.0 0.55
-1000
7.0 9.1 0.4 10.008 1.29808 0.3
-1000
10.75 9.76667 3.75832 6.255 0.6 0.95
-1000
9.5 9.5 2.5 7.5 0.85 0.71589
-1000
8.25 9.5 1.25 8.75 0.85 0.7433
-999
12.0 9.5 5.0 5.0 0.85 0.7
-999
12.0 9.9 5.01597 5.01597 0.45 1.1
-999
10.75 9.76667 3.75832 6.255 0.6 0.95
-1000
12.0 9.76667 5.00625 5.00625 0.6 0.95
-999
12.0 9.63333 5.001 5.001 0.75 0.8
-999
9.5 9.23333 2.51794 7.506 1.15 0.4272
-1000
10.75 9.36667 3.753 6.2518 1.0 0.55
-1000
12.0 9.76667 5.00625 5.00625 0.6 0.95
-999
9.5 9.5 2.5 7.5 0.85 0.71589
-1000
8.25 9.5 1.25 8.75 0.85 0.7433
-999
12.0 9.1 5.01597 5.01597 1.25 0.3
-999
8.25 9.76667 1.27475 8.75357 0.6 0.98234
-999
9.5 9.1 2.5318 7.51066 1.25 0.33541
-17.394
7.0 9.76667 0.25 10.00312 0.69462 0.95
-1000
12.0 9.76667 5.00625 5.00625 0.6 0.95
-999
8.25 10.0 1.34629 8.76427 0.35 1.22577
-20.951
7.0 9.76667 0.25 10.00312 0.69462 0.95
-1000
10.75 9.36667 3.753 6.2518 1.0 0.55
-1000
7.0 10.0 0.5 10.01249 0.49497 1.2
-1000
12.0 9.5 5.0 5.0 0.85 0.7
-1000
12.0 10.0 5.02494 5.02494 0.35 1.2
-999
12.0 9.36667 5.00225 5.00225 1.0 0.55
-1000
9.5 9.63333 2.502 7.50067 0.75 0.81394
-999
7.0 9.9 0.4 10.008 0.57009 1.1
-1000
9.5 9.9 2.5318 7.51066 0.45 1.11018
-17.927
9.5 9.36667 2.5045 7.5015 1.0 0.57009
-1000
12.0 9.23333 5.00899 5.00899 1.15 0.4
-12.009
9.5 9.9 2.5318 7.51066 0.45 1.11018
-1000
7.0 10.0 0.5 10.01249 0.49497 1.2
-1000
12.0 10.0 5.02494 5.02494 0.35 1.2
-999
10.75 9.23333 3.76198 6.2572 1.15 0.4
-1000
10.75 9.76667 3.75832 6.255 0.6 0.95
-1000
10.75 9.63333 3.75133 6.2508 0.75 0.8
-999
7.0 9.1 0.4 10.008 1.29808 0.3
-29.25
9.5 9.9 2.5318 7.51066 0.45 1.11018
-17.466
8.25 9.36667 1.25897 8.75129 1.0 0.60415
-1000
9.5 9.23333 2.51794 7.506 1.15 0.4272
-1000
7.0 9.5 0.0 10.0 0.91924 0.7
-1000
7.0 9.36667 0.15 10.00112 1.05948 0.55
-1000
10.75 9.5 3.75 6.25 0.85 0.7
-1000
7.0 9.9 0.4 10.008 0.57009 1.1
-1000
10.75 9.23333 3.76198 6.2572 1.15 0.4
-1000
9.5 10.0 2.54951 7.51665 0.35 1.20934
-20.91
9.5 9.9 2.5318 7.51066 0.45 1.11018
-17.008
9.5 9.76667 2.51247 7.50417 0.6 0.96177
-1000
10.75 9.23333 3.76198 6.2572 1.15 0.4
-1000
8.25 9.23333 1.2855 8.75514 1.15 0.4717
-1000
10.75 9.63333 3.75133 6.2508 0.75 0.8
-999
7.0 9.76667 0.25 10.00312 0.69462 0.95
-1000
7.0 9.63333 0.1 10.0005 0.82765 0.8
-1000
8.25 9.23333 1.2855 8.75514 1.15 0.4717
-1000
7.0 9.76667 0.25 10.00312 0.69462 0.95
-1000
12.0 9.9 5.01597 5.01597 0.45 1.1
-999
10.75 9.76667 3.75832 6.255 0.6 0.95
-999
8.25 9.63333 1.25399 8.75057 0.75 0.83815
-999
7.0 9.9 0.4 10.008 0.57009 1.1
-1000
12.0 9.9 5.01597 5.01597 0.45 1.1
-1000
12.0 9.63333 5.001 5.001 0.75 0.8
-999
10.75 9.76667 3.75832 6.255 0.6 0.95
-1000
12.0 9.23333 5.00899 5.00899 1.15 0.4
-14.929
10.75 9.36667 3.753 6.2518 1.0 0.55
-1000
8.25 9.23333 1.2855 8.75514 1.15 0.4717
-1000
9.5 9.36667 2.5045 7.5015 1.0 0.57009
-1000
7.0 9.1 0.4 10.008 1.29808 0.3
-28.131
7.0 9.1 0.4 10.008 1.29808 0.3
-24.482
12.0 9.1 5.01597 5.01597 1.25 0.3
-999
8.25 9.36667 1.25897 8.75129 1.0 0.60415
-1000
9.5 9.23333 2.51794 7.506 1.15 0.4272
-1000
10.75 9.36667 3.753 6.2518 1.0 0.55
-1000
7.0 9.63333 0.1 10.0005 0.82765 0.8
-1000
7.0 9.1 0.4 10.008 1.29808 0.3
-1000
12.0 9.23333 5.00899 5.00899 1.15 0.4
-999
10.75 9.76667 3.75832 6.255 0.6 0.95
-1000
12.0 9.23333 5.00899 5.00899 1.15 0.4
-1000
7.0 9.36667 0.15 10.00112 1.05948 0.55
-1000
7.0 9.9 0.4 10.008 0.57009 1.1
-1000
8.25 9.63333 1.25399 8.75057 0.75 0.83815
-999
8.25 9.5 1.25 8.75 0.85 0.7433
-999
10.75 9.36667 3.753 6.2518 1.0 0.55
-1000
9.5 9.36667 2.5045 7.5015 1.0 0.57009
-1000
7.0 9.9 0.4 10.008 0.57009 1.1
-1000
10.75 9.36667 3.753 6.2518 1.0 0.55
-1000
8.25 9.9 1.31244 8.75914 0.45 1.12805
-19.902
12.0 9.63333 5.001 5.001 0.75 0.8
-999
7.0 9.23333 0.3 10.0045 1.20208 0.4
-1000
9.5 9.36667 2.5045 7.5015 1.0 0.57009
-1000
10.75 10.0 3.78319 6.26997 0.35 1.2
-1000
7.0 10.0 0.5 10.01249 0.49497 1.2
-23.872
7.0 9.23333 0.3 10.0045 1.20208 0.4
-1000
9.5 9.36667 2.5045 7.5015 1.0 0.57009
-1000
10.75 9.63333 3.75133 6.2508 0.75 0.8
-999
10.75 9.5 3.75 6.25 0.85 0.7
-1000
9.5 9.36667 2.5045 7.5015 1.0 0.57009
-1000
12.0 9.76667 5.00625 5.00625 0.6 0.95
-999
10.75 9.63333 3.75133 6.2508 0.75 0.8
-999
9.5 9.36667 2.5045 7.5015 1.0 0.57009
-1000
10.75 9.1 3.77127 6.26279 1.25 0.3
-14.56
10.75 9.76667 3.75832 6.255 0.6 0.95
-1000
12.0 9.63333 5.001 5.001 0.75 0.8
-999
7.0 9.63333 0.1 10.0005 0.82765 0.8
-1000
12.0 9.36667 5.00225 5.00225 1.0 0.55
-1000
10.75 9.5 3.75 6.25 0.85 0.7
-1000
10.75 9.76667 3.75832 6.255 0.6 0.95
-999
9.5 9.5 2.5 7.5 0.85 0.71589
-1000
8.25 9.9 1.31244 8.75914 0.45 1.12805
-21.12
9.5 9.9 2.5318 7.51066 0.45 1.11018
-1000
9.5 9.23333 2.51794 7.506 1.15 0.4272
-1000
9.5 9.36667 2.5045 7.5015 1.0 0.57009
-1000
12.0 9.36667 5.00225 5.00225 1.0 0.55
-1000
12.0 9.36667 5.00225 5.00225 1.0 0.55
-1000
12.0 9.63333 5.001 5.001 0.75 0.8
-999
12.0 9.23333 5.00899 5.00899 1.15 0.4
-1000
8.25 9.9 1.31244 8.75914 0.45 1.12805
-21.143
10.75 10.0 3.78319 6.26997 0.35 1.2
-1000
10.75 9.1 3.77127 6.26279 1.25 0.3
-14.621
9.5 9.1 2.5318 7.51066 1.25 0.33541
-29.675
9.5 9.1 2.5318 7.51066 1.25 0.33541
-18.913
8.25 9.76667 1.27475 8.75357 0.6 0.98234
-999
8.25 9.36667 1.25897 8.75129 1.0 0.60415
-1000
9.5 9.23333 2.51794 7.506 1.15 0.4272
-1000
12.0 9.1 5.01597 5.01597 1.25 0.3
-15.576
10.75 9.76667 3.75832 6.255 0.6 0.95
-1000
12.0 9.63333 5.001 5.001 0.75 0.8
-999
7.0 9.76667 0.25 10.00312 0.69462 0.95
-1000
9.5 9.76667 2.51247 7.50417 0.6 0.96177
-1000
8.25 9.36667 1.25897 8.75129 1.0 0.60415
-1000
8.25 9.9 1.31244 8.75914 0.45 1.12805
-1000
7.0 9.1 0.4 10.008 1.29808 0.3
-1000
7.0 10.0 0.5 10.01249 0.49497 1.2
-1000
7.0 9.76667 0.25 10.00312 0.69462 0.95
-1000
9.5 10.0 2.54951 7.51665 0.35 1.20934
-17.813
10.75 9.76667 3.75832 6.255 0.6 0.95
-999
10.75 9.1 3.77127 6.26279 1.25 0.3
-13.872
10.75 9.36667 3.753 6.2518 1.0 0.55
-997
7.0 10.0 0.5 10.01249 0.49497 1.2
-1000
12.0 9.9 5.01597 5.01597 0.45 1.1
-999
7.0 9.5 0.0 10.0 0.91924 0.7
-1000
7.0 9.36667 0.15 10.00112 1.05948 0.55
-1000
8.25 9.5 1.25 8.75 0.85 0.7433
-999
10.75 9.63333 3.75133 6.2508 0.75 0.8
-999
12.0 9.63333 5.001 5.001 0.75 0.8
-999
7.0 10.0 0.5 10.01249 0.49497 1.2
-1000
9.5 9.1 2.5318 7.51066 1.25 0.33541
-17.288
7.0 9.76667 0.25 10.00312 0.69462 0.95
-1000
10.75 9.63333 3.75133 6.2508 0.75 0.8
-999
12.0 9.1 5.01597 5.01597 1.25 0.3
-1000
8.25 9.63333 1.25399 8.75057 0.75 0.83815
-999
12.0 10.0 5.02494 5.02494 0.35 1.2
-999
7.0 9.1 0.4 10.008 1.29808 0.3
-25.113
8.25 9.76667 1.27475 8.75357 0.6 0.98234
-999
8.25 9.1 1.31244 8.75914 1.25 0.39051
-20.805
9.5 9.9 2.5318 7.51066 0.45 1.11018
-1000
12.0 10.0 5.02494 5.02494 0.35 1.2
-999
12.0 9.5 5.0 5.0 0.85 0.7
-1000
9.5 9.5 2.5 7.5 0.85 0.71589
-999
9.5 9.63333 2.502 7.50067 0.75 0.81394
-999
7.0 9.1 0.4 10.008 1.29808 0.3
-25.031
12.0 9.5 5.0 5.0 0.85 0.7
-999
8.25 9.63333 1.25399 8.75057 0.75 0.83815
-999
10.75 9.9 3.77127 6.26279 0.45 1.1
-1000
8.25 10.0 1.34629 8.76427 0.35 1.22577
-20.708
7.0 9.1 0.4 10.008 1.29808 0.3
-26.252
7.0 9.76667 0.25 10.00312 0.69462 0.95
-1000
8.25 9.5 1.25 8.75 0.85 0.7433
-1000
9.5 9.23333 2.51794 7.506 1.15 0.4272
-1000
7.0 9.1 0.4 10.008 1.29808 0.3
-1000
7.0 9.63333 0.1 10.0005 0.82765 0.8
-1000
8.25 9.5 1.25 8.75 0.85 0.7433
-999
12.0 9.9 5.01597 5.01597 0.45 1.1
-1000
8.25 9.1 1.31244 8.75914 1.25 0.39051
-20.684
7.0 10.0 0.5 10.01249 0.49497 1.2
-1000
10.75 9.76667 3.75832 6.255 0.6 0.95
-1000
12.0 9.9 5.01597 5.01597 0.45 1.1
-999
7.0 9.36667 0.15 10.00112 1.05948 0.55
-1000
10.75 9.36667 3.753 6.2518 1.0 0.55
-1000
9.5 9.76667 2.51247 7.50417 0.6 0.96177
-999
10.75 9.23333 3.76198 6.2572 1.15 0.4
-1000
12.0 9.9 5.01597 5.01597 0.45 1.1
-999
8.25 9.5 1.25 8.75 0.85 0.7433
-999
9.5 9.1 2.5318 7.51066 1.25 0.33541
-18.695
8.25 9.1 1.31244 8.75914 1.25 0.39051
-21.78
9.5 9.5 2.5 7.5 0.85 0.71589
-1000
12.0 9.9 5.01597 5.01597 0.45 1.1
-1000
7.0 9.9 0.4 10.008 0.57009 1.1
-1000
8.25 9.23333 1.2855 8.75514 1.15 0.4717
-1000
8.25 9.76667 1.27475 8.75357 0.6 0.98234
-999
9.5 9.36667 2.5045 7.5015 1.0 0.57009
-1000
7.0 9.1 0.4 10.008 1.29808 0.3
-24.622
7.0 9.5 0.0 10.0 0.91924 0.7
-1000
9.5 9.76667 2.51247 7.50417 0.6 0.96177
-1000
12.0 9.1 5.01597 5.01597 1.25 0.3
-14.239
12.0 9.5 5.0 5.0 0.85 0.7
-999
8.25 9.63333 1.25399 8.75057 0.75 0.83815
-999
12.0 9.76667 5.00625 5.00625 0.6 0.95
-999
12.0 9.76667 5.00625 5.00625 0.6 0.95
-999
10.75 9.76667 3.75832 6.255 0.6 0.95
-1000
10.75 9.76667 3.75832 6.255 0.6 0.95
-1000
12.0 9.36667 5.00225 5.00225 1.0 0.55
-1000
8.25 10.0 1.34629 8.76427 0.35 1.22577
-21.466
9.5 9.9 2.5318 7.51066 0.45 1.11018
-18.925
9.5 10.0 2.54951 7.51665 0.35 1.20934
-19.521
12.0 9.63333 5.001 5.001 0.75 0.8
-999
8.25 9.1 1.31244 8.75914 1.25 0.39051
-20.439
10.75 9.36667 3.753 6.2518 1.0 0.55
-1000
10.75 9.76667 3.75832 6.255 0.6 0.95
-1000
10.75 9.23333 3.76198 6.2572 1.15 0.4
-1000
7.0 9.36667 0.15 10.00112 1.05948 0.55
-1000
8.25 9.23333 1.2855 8.75514 1.15 0.4717
-1000
9.5 9.5 2.5 7.5 0.85 0.71589
-1000
8.25 9.76667 1.27475 8.75357 0.6 0.98234
-999
10.75 9.23333 3.76198 6.2572 1.15 0.4
-1000
9.5 9.36667 2.5045 7.5015 1.0 0.57009
-1000
10.75 9.23333 3.76198 6.2572 1.15 0.4
-1000
8.25 9.23333 1.2855 8.75514 1.15 0.4717
-20.858
9.5 9.1 2.5318 7.51066 1.25 0.33541
-17.455
10.75 9.23333 3.76198 6.2572 1.15 0.4
-1000
8.25 9.76667 1.27475 8.75357 0.6 0.98234
-999
10.75 9.23333 3.76198 6.2572 1.15 0.4
-1000
10.75 9.36667 3.753 6.2518 1.0 0.55
-1000
8.25 9.1 1.31244 8.75914 1.25 0.39051
-21.16
7.0 9.36667 0.15 10.00112 1.05948 0.55
-1000
7.0 9.5 0.0 10.0 0.91924 0.7
-1000
12.0 10.0 5.02494 5.02494 0.35 1.2
-999
7.0 9.76667 0.25 10.00312 0.69462 0.95
-1000
8.25 10.0 1.34629 8.76427 0.35 1.22577
-1000
10.75 9.5 3.75 6.25 0.85 0.7
-1000
12.0 9.63333 5.001 5.001 0.75 0.8
-999
9.5 9.1 2.5318 7.51066 1.25 0.33541
-19.195
9.5 9.1 2.5318 7.51066 1.25 0.33541
-30.256
12.0 9.1 5.01597 5.01597 1.25 0.3
-25.917
7.0 10.0 0.5 10.01249 0.49497 1.2
-25.846
8.25 9.63333 1.25399 8.75057 0.75 0.83815
-999
8.25 9.76667 1.27475 8.75357 0.6 0.98234
-999
12.0 9.9 5.01597 5.01597 0.45 1.1
-999
12.0 9.9 5.01597 5.01597 0.45 1.1
-999
12.0 9.36667 5.00225 5.00225 1.0 0.55
-1000
9.5 9.36667 2.5045 7.5015 1.0 0.57009
-1000
12.0 9.1 5.01597 5.01597 1.25 0.3
-999
10.75 10.0 3.78319 6.26997 0.35 1.2
-1000
10.75 9.63333 3.75133 6.2508 0.75 0.8
-999
12.0 9.76667 5.00625 5.00625 0.6 0.95
-999
8.25 9.76667 1.27475 8.75357 0.6 0.98234
-999
7.0 9.23333 0.3 10.0045 1.20208 0.4
-1000
9.5 9.23333 2.51794 7.506 1.15 0.4272
-1000
10.75 9.1 3.77127 6.26279 1.25 0.3
-14.899
9.5 9.23333 2.51794 7.506 1.15 0.4272
-997
9.5 10.0 2.54951 7.51665 0.35 1.20934
-22.38
12.0 9.76667 5.00625 5.00625 0.6 0.95
-999
10.75 10.0 3.78319 6.26997 0.35 1.2
-1000
8.25 9.76667 1.27475 8.75357 0.6 0.98234
-999
7.0 9.23333 0.3 10.0045 1.20208 0.4
-1000
12.0 9.63333 5.001 5.001 0.75 0.8
-999
9.5 9.23333 2.51794 7.506 1.15 0.4272
-1000
12.0 9.63333 5.001 5.001 0.75 0.8
-999
9.5 10.0 2.54951 7.51665 0.35 1.20934
-1000
7.0 9.63333 0.1 10.0005 0.82765 0.8
-1000
9.5 9.36667 2.5045 7.5015 1.0 0.57009
-1000
12.0 9.23333 5.00899 5.00899 1.15 0.4
-13.68
9.5 9.63333 2.502 7.50067 0.75 0.81394
-999
12.0 9.5 5.0 5.0 0.85 0.7
-999
8.25 9.5 1.25 8.75 0.85 0.7433
-999
8.25 9.9 1.31244 8.75914 0.45 1.12805
-21.271
12.0 9.9 5.01597 5.01597 0.45 1.1
-999
9.5 9.1 2.5318 7.51066 1.25 0.33541
-17.041
12.0 10.0 5.02494 5.02494 0.35 1.2
-999
10.75 9.1 3.77127 6.26279 1.25 0.3
-14.339
7.0 9.76667 0.25 10.00312 0.69462 0.95
-1000
8.25 9.23333 1.2855 8.75514 1.15 0.4717
-1000
8.25 9.36667 1.25897 8.75129 1.0 0.60415
-1000
7.0 9.5 0.0 10.0 0.91924 0.7
-1000
12.0 9.76667 5.00625 5.00625 0.6 0.95
-999
12.0 9.9 5.01597 5.01597 0.45 1.1
-1000
8.25 9.23333 1.2855 8.75514 1.15 0.4717
-1000
7.0 10.0 0.5 10.01249 0.49497 1.2
-25.373
8.25 9.36667 1.25897 8.75129 1.0 0.60415
-1000
10.75 9.1 3.77127 6.26279 1.25 0.3
-15.383
7.0 9.36667 0.15 10.00112 1.05948 0.55
-997
12.0 10.0 5.02494 5.02494 0.35 1.2
-999
7.0 9.9 0.4 10.008 0.57009 1.1
-1000
12.0 9.63333 5.001 5.001 0.75 0.8
-999
8.25 9.63333 1.25399 8.75057 0.75 0.83815
-999
8.25 9.1 1.31244 8.75914 1.25 0.39051
-1000
10.75 9.5 3.75 6.25 0.85 0.7
-1000
9.5 9.76667 2.51247 7.50417 0.6 0.96177
-999
12.0 9.5 5.0 5.0 0.85 0.7
-999
9.5 9.1 2.5318 7.51066 1.25 0.33541
-1000
10.75 9.36667 3.753 6.2518 1.0 0.55
-1000
7.0 9.1 0.4 10.008 1.29808 0.3
-28.308
7.0 10.0 0.5 10.01249 0.49497 1.2
-1000
7.0 9.23333 0.3 10.0045 1.20208 0.4
-27.07
10.75 9.36667 3.753 6.2518 1.0 0.55
-1000
7.0 9.76667 0.25 10.00312 0.69462 0.95
-1000
8.25 9.1 1.31244 8.75914 1.25 0.39051
-20.746
9.5 9.5 2.5 7.5 0.85 0.71589
-1000
8.25 9.76667 1.27475 8.75357 0.6 0.98234
-999
10.75 10.0 3.78319 6.26997 0.35 1.2
-1000
12.0 9.36667 5.00225 5.00225 1.0 0.55
-1000
9.5 9.5 2.5 7.5 0.85 0.71589
-1000
7.0 9.9 0.4 10.008 0.57009 1.1
-1000
12.0 9.63333 5.001 5.001 0.75 0.8
-999
8.25 9.76667 1.27475 8.75357 0.6 0.98234
-999
7.0 9.1 0.4 10.008 1.29808 0.3
-24.93
10.75 9.76667 3.75832 6.255 0.6 0.95
-1000
9.5 9.9 2.5318 7.51066 0.45 1.11018
-17.633
10.75 9.9 3.77127 6.26279 0.45 1.1
-1000
12.0 9.1 5.01597 5.01597 1.25 0.3
-999
7.0 9.23333 0.3 10.0045 1.20208 0.4
-1000
10.75 9.1 3.77127 6.26279 1.25 0.3
-14.216
10.75 9.9 3.77127 6.26279 0.45 1.1
-19.067
8.25 9.23333 1.2855 8.75514 1.15 0.4717
-20.611
9.5 9.1 2.5318 7.51066 1.25 0.33541
-17.075
12.0 9.36667 5.00225 5.00225 1.0 0.55
-1000
8.25 9.1 1.31244 8.75914 1.25 0.39051
-19.891
10.75 10.0 3.78319 6.26997 0.35 1.2
-18.031
8.25 9.36667 1.25897 8.75129 1.0 0.60415
-1000
12.0 9.5 5.0 5.0 0.85 0.7
-999
7.0 9.63333 0.1 10.0005 0.82765 0.8
-1000
12.0 9.63333 5.001 5.001 0.75 0.8
-999
12.0 9.5 5.0 5.0 0.85 0.7
-999
7.0 9.1 0.4 10.008 1.29808 0.3
-27.605
10.75 9.76667 3.75832 6.255 0.6 0.95
-1000
7.0 9.9 0.4 10.008 0.57009 1.1
-1000
9.5 10.0 2.54951 7.51665 0.35 1.20934
-1000
10.75 9.63333 3.75133 6.2508 0.75 0.8
-999
9.5 9.23333 2.51794 7.506 1.15 0.4272
-1000
8.25 9.36667 1.25897 8.75129 1.0 0.60415
-1000
10.75 9.36667 3.753 6.2518 1.0 0.55
-1000
7.0 9.9 0.4 10.008 0.57009 1.1
-1000
10.75 9.76667 3.75832 6.255 0.6 0.95
-18.45
10.75 9.23333 3.76198 6.2572 1.15 0.4
-1000
12.0 9.36667 5.00225 5.00225 1.0 0.55
-1000
12.0 10.0 5.02494 5.02494 0.35 1.2
-999
9.5 9.1 2.5318 7.51066 1.25 0.33541
-17.506
9.5 9.36667 2.5045 7.5015 1.0 0.57009
-1000
8.25 9.63333 1.25399 8.75057 0.75 0.83815
-999
7.0 9.23333 0.3 10.0045 1.20208 0.4
-30.059
7.0 9.63333 0.1 10.0005 0.82765 0.8
-1000
7.0 9.76667 0.25 10.00312 0.69462 0.95
-1000
10.75 9.23333 3.76198 6.2572 1.15 0.4
-1000
10.75 9.36667 3.753 6.2518 1.0 0.55
-1000
7.0 9.76667 0.25 10.00312 0.69462 0.95
-1000
12.0 9.1 5.01597 5.01597 1.25 0.3
-1000
9.5 9.1 2.5318 7.51066 1.25 0.33541
-16.992
8.25 9.76667 1.27475 8.75357 0.6 0.98234
-999
9.5 9.76667 2.51247 7.50417 0.6 0.96177
-1000
10.75 9.36667 3.753 6.2518 1.0 0.55
-1000
7.0 10.0 0.5 10.01249 0.49497 1.2
-1000
10.75 9.36667 3.753 6.2518 1.0 0.55
-1000
8.25 9.23333 1.2855 8.75514 1.15 0.4717
-1000
9.5 9.63333 2.502 7.50067 0.75 0.81394
-999
9.5 9.23333 2.51794 7.506 1.15 0.4272
-1000
10.75 9.76667 3.75832 6.255 0.6 0.95
-1000
10.75 9.5 3.75 6.25 0.85 0.7
-1000
8.25 9.9 1.31244 8.75914 0.45 1.12805
-20.491
8.25 9.63333 1.25399 8.75057 0.75 0.83815
-999
12.0 9.63333 5.001 5.001 0.75 0.8
-999
9.5 9.1 2.5318 7.51066 1.25 0.33541
-17.108
10.75 9.76667 3.75832 6.255 0.6 0.95
-1000
10.75 10.0 3.78319 6.26997 0.35 1.2
-1000
12.0 9.76667 5.00625 5.00625 0.6 0.95
-999
8.25 9.23333 1.2855 8.75514 1.15 0.4717
-1000
9.5 9.9 2.5318 7.51066 0.45 1.11018
-1000
10.75 9.5 3.75 6.25 0.85 0.7
-1000
10.75 9.23333 3.76198 6.2572 1.15 0.4
-1000
8.25 10.0 1.34629 8.76427 0.35 1.22577
-20.914
7.0 10.0 0.5 10.01249 0.49497 1.2
-1000
9.5 9.23333 2.51794 7.506 1.15 0.4272
-1000
12.0 9.76667 5.00625 5.00625 0.6 0.95
-999
7.0 9.1 0.4 10.008 1.29808 0.3
-1000
12.0 9.36667 5.00225 5.00225 1.0 0.55
-1000
8.25 9.23333 1.2855 8.75514 1.15 0.4717
-1000
7.0 9.76667 0.25 10.00312 0.69462 0.95
-1000
9.5 9.63333 2.502 7.50067 0.75 0.81394
-999
10.75 9.23333 3.76198 6.2572 1.15 0.4
-1000
8.25 9.5 1.25 8.75 0.85 0.7433
-999
9.5 10.0 2.54951 7.51665 0.35 1.20934
-21.656
10.75 10.0 3.78319 6.26997 0.35 1.2
-20.005
9.5 10.0 2.54951 7.51665 0.35 1.20934
-22.423
10.75 9.1 3.77127 6.26279 1.25 0.3
-15.057
10.75 10.0 3.78319 6.26997 0.35 1.2
-1000
9.5 9.36667 2.5045 7.5015 1.0 0.57009
-1000
8.25 10.0 1.34629 8.76427 0.35 1.22577
-21.468
10.75 9.5 3.75 6.25 0.85 0.7
-1000
12.0 9.63333 5.001 5.001 0.75 0.8
-999
7.0 9.23333 0.3 10.0045 1.20208 0.4
-1000
10.75 9.9 3.77127 6.26279 0.45 1.1
-1000
10.75 9.5 3.75 6.25 0.85 0.7
-1000
9.5 9.36667 2.5045 7.5015 1.0 0.57009
-1000
7.0 9.76667 0.25 10.00312 0.69462 0.95
-1000
9.5 9.1 2.5318 7.51066 1.25 0.33541
-17.405
8.25 9.36667 1.25897 8.75129 1.0 0.60415
-997
9.5 9.1 2.5318 7.51066 1.25 0.33541
-17.419
12.0 9.9 5.01597 5.01597 0.45 1.1
-1000
12.0 9.76667 5.00625 5.00625 0.6 0.95
-999
12.0 9.1 5.01597 5.01597 1.25 0.3
-1000
12.0 9.5 5.0 5.0 0.85 0.7
-1000
9.5 9.9 2.5318 7.51066 0.45 1.11018
-17.033
7.0 9.63333 0.1 10.0005 0.82765 0.8
-1000
9.5 9.36667 2.5045 7.5015 1.0 0.57009
-1000
8.25 9.9 1.31244 8.75914 0.45 1.12805
-1000
12.0 9.9 5.01597 5.01597 0.45 1.1
-1000
10.75 9.5 3.75 6.25 0.85 0.7
-1000
8.25 9.5 1.25 8.75 0.85 0.7433
-1000
7.0 9.63333 0.1 10.0005 0.82765 0.8
-1000
12.0 10.0 5.02494 5.02494 0.35 1.2
-999
8.25 9.76667 1.27475 8.75357 0.6 0.98234
-999
7.0 9.36667 0.15 10.00112 1.05948 0.55
-1000
12.0 9.23333 5.00899 5.00899 1.15 0.4
-12.334
8.25 9.5 1.25 8.75 0.85 0.7433
-999
9.5 9.23333 2.51794 7.506 1.15 0.4272
-1000
10.75 9.9 3.77127 6.26279 0.45 1.1
-1000
10.75 9.76667 3.75832 6.255 0.6 0.95
-1000
7.0 9.5 0.0 10.0 0.91924 0.7
-1000
7.0 9.5 0.0 10.0 0.91924 0.7
-1000
8.25 9.5 1.25 8.75 0.85 0.7433
-1000
7.0 9.76667 0.25 10.00312 0.69462 0.95
-1000
10.75 9.23333 3.76198 6.2572 1.15 0.4
-14.697
7.0 10.0 0.5 10.01249 0.49497 1.2
-1000
8.25 9.9 1.31244 8.75914 0.45 1.12805
-20.376
10.75 9.9 3.77127 6.26279 0.45 1.1
-999
8.25 9.36667 1.25897 8.75129 1.0 0.60415
-1000
9.5 9.1 2.5318 7.51066 1.25 0.33541
-17.49
7.0 9.23333 0.3 10.0045 1.20208 0.4
-37.851
7.0 9.63333 0.1 10.0005 0.82765 0.8
-1000
8.25 9.1 1.31244 8.75914 1.25 0.39051
-20.451
12.0 9.36667 5.00225 5.00225 1.0 0.55
-1000
10.75 9.9 3.77127 6.26279 0.45 1.1
-1000
9.5 9.76667 2.51247 7.50417 0.6 0.96177
-1000
10.75 9.76667 3.75832 6.255 0.6 0.95
-1000
7.0 10.0 0.5 10.01249 0.49497 1.2
-1000
12.0 9.63333 5.001 5.001 0.75 0.8
-999
8.25 9.76667 1.27475 8.75357 0.6 0.98234
-1000
8.25 9.63333 1.25399 8.75057 0.75 0.83815
-999
7.0 9.5 0.0 10.0 0.91924 0.7
-1000
9.5 9.36667 2.5045 7.5015 1.0 0.57009
-1000
8.25 9.5 1.25 8.75 0.85 0.7433
-999
8.25 9.1 1.31244 8.75914 1.25 0.39051
-20.202
8.25 9.5 1.25 8.75 0.85 0.7433
-999
12.0 9.5 5.0 5.0 0.85 0.7
-999
9.5 9.5 2.5 7.5 0.85 0.71589
-1000
10.75 9.63333 3.75133 6.2508 0.75 0.8
-999
9.5 9.63333 2.502 7.50067 0.75 0.81394
-999
7.0 10.0 0.5 10.01249 0.49497 1.2
-23.984
12.0 9.23333 5.00899 5.00899 1.15 0.4
-1000
8.25 9.9 1.31244 8.75914 0.45 1.12805
-1000
7.0 9.9 0.4 10.008 0.57009 1.1
-1000
10.75 9.76667 3.75832 6.255 0.6 0.95
-1000
7.0 10.0 0.5 10.01249 0.49497 1.2
-24.485
7.0 9.23333 0.3 10.0045 1.20208 0.4
-1000
12.0 10.0 5.02494 5.02494 0.35 1.2
-999
10.75 9.36667 3.753 6.2518 1.0 0.55
-1000
7.0 9.36667 0.15 10.00112 1.05948 0.55
-1000
8.25 9.9 1.31244 8.75914 0.45 1.12805
-1000
10.75 9.5 3.75 6.25 0.85 0.7
-1000
7.0 9.9 0.4 10.008 0.57009 1.1
-1000
8.25 9.76667 1.27475 8.75357 0.6 0.98234
-1000
7.0 9.9 0.4 10.008 0.57009 1.1
-1000
10.75 9.63333 3.75133 6.2508 0.75 0.8
-999
12.0 9.5 5.0 5.0 0.85 0.7
-999
10.75 9.5 3.75 6.25 0.85 0.7
-1000
9.5 9.9 2.5318 7.51066 0.45 1.11018
-17.31
9.5 9.36667 2.5045 7.5015 1.0 0.57009
-1000
8.25 10.0 1.34629 8.76427 0.35 1.22577
-21.186
12.0 9.63333 5.001 5.001 0.75 0.8
-999
8.25 9.63333 1.25399 8.75057 0.75 0.83815
-999
7.0 9.76667 0.25 10.00312 0.69462 0.95
-1000
12.0 9.9 5.01597 5.01597 0.45 1.1
-999
9.5 9.63333 2.502 7.50067 0.75 0.81394
-999
9.5 9.23333 2.51794 7.506 1.15 0.4272
-1000
10.75 9.76667 3.75832 6.255 0.6 0.95
-999
12.0 9.1 5.01597 5.01597 1.25 0.3
-1000
7.0 9.23333 0.3 10.0045 1.20208 0.4
-1000
8.25 10.0 1.34629 8.76427 0.35 1.22577
-21.793
10.75 9.36667 3.753 6.2518 1.0 0.55
-1000
12.0 9.36667 5.00225 5.00225 1.0 0.55
-1000
8.25 9.5 1.25 8.75 0.85 0.7433
-1000
10.75 9.1 3.77127 6.26279 1.25 0.3
-14.95
8.25 9.23333 1.2855 8.75514 1.15 0.4717
-20.765
7.0 9.76667 0.25 10.00312 0.69462 0.95
-30.544
10.75 9.23333 3.76198 6.2572 1.15 0.4
-1000
8.25 9.1 1.31244 8.75914 1.25 0.39051
-20.811
12.0 9.1 5.01597 5.01597 1.25 0.3
-1000
9.5 9.5 2.5 7.5 0.85 0.71589
-1000
8.25 9.76667 1.27475 8.75357 0.6 0.98234
-999
7.0 9.76667 0.25 10.00312 0.69462 0.95
-1000
10.75 9.36667 3.753 6.2518 1.0 0.55
-1000
10.75 9.5 3.75 6.25 0.85 0.7
-1000
7.0 9.5 0.0 10.0 0.91924 0.7
-1000
7.0 9.23333 0.3 10.0045 1.20208 0.4
-1000
8.25 9.1 1.31244 8.75914 1.25 0.39051
-20.283
12.0 9.1 5.01597 5.01597 1.25 0.3
-14.649
10.75 9.1 3.77127 6.26279 1.25 0.3
-14.106
9.5 9.23333 2.51794 7.506 1.15 0.4272
-1000
9.5 9.36667 2.5045 7.5015 1.0 0.57009
-1000
7.0 9.76667 0.25 10.00312 0.69462 0.95
-1000
9.5 9.63333 2.502 7.50067 0.75 0.81394
-999
10.75 9.1 3.77127 6.26279 1.25 0.3
-14.755
7.0 9.1 0.4 10.008 1.29808 0.3
-1000
9.5 10.0 2.54951 7.51665 0.35 1.20934
-1000
9.5 10.0 2.54951 7.51665 0.35 1.20934
-19.822
9.5 9.63333 2.502 7.50067 0.75 0.81394
-999
9.5 9.5 2.5 7.5 0.85 0.71589
-1000
12.0 9.36667 5.00225 5.00225 1.0 0.55
-1000
9.5 9.1 2.5318 7.51066 1.25 0.33541
-1000
7.0 9.1 0.4 10.008 1.29808 0.3
-1000
8.25 9.76667 1.27475 8.75357 0.6 0.98234
-999
10.75 9.5 3.75 6.25 0.85 0.7
-1000
10.75 9.23333 3.76198 6.2572 1.15 0.4
-1000
9.5 9.9 2.5318 7.51066 0.45 1.11018
-1000
10.75 9.23333 3.76198 6.2572 1.15 0.4
-1000
8.25 10.0 1.34629 8.76427 0.35 1.22577
-21.106
10.75 9.9 3.77127 6.26279 0.45 1.1
-18.849
8.25 9.5 1.25 8.75 0.85 0.7433
-999
7.0 9.76667 0.25 10.00312 0.69462 0.95
-1000
12.0 9.5 5.0 5.0 0.85 0.7
-999
8.25 9.1 1.31244 8.75914 1.25 0.39051
-21.003
12.0 9.23333 5.00899 5.00899 1.15 0.4
-17.087
8.25 9.1 1.31244 8.75914 1.25 0.39051
-20.205
7.0 9.5 0.0 10.0 0.91924 0.7
-1000
10.75 9.23333 3.76198 6.2572 1.15 0.4
-1000
9.5 9.1 2.5318 7.51066 1.25 0.33541
-17.16
12.0 9.5 5.0 5.0 0.85 0.7
-1000
7.0 9.5 0.0 10.0 0.91924 0.7
-1000
10.75 9.23333 3.76198 6.2572 1.15 0.4
-1000
12.0 10.0 5.02494 5.02494 0.35 1.2
-999
8.25 9.36667 1.25897 8.75129 1.0 0.60415
-1000
7.0 9.1 0.4 10.008 1.29808 0.3
-24.663
10.75 9.1 3.77127 6.26279 1.25 0.3
-15.077
7.0 9.23333 0.3 10.0045 1.20208 0.4
-997
12.0 9.23333 5.00899 5.00899 1.15 0.4
-999
8.25 9.5 1.25 8.75 0.85 0.7433
-999
9.5 9.76667 2.51247 7.50417 0.6 0.96177
-1000
7.0 9.9 0.4 10.008 0.57009 1.1
-24.03
7.0 9.1 0.4 10.008 1.29808 0.3
-25.397
12.0 9.76667 5.00625 5.00625 0.6 0.95
-999
12.0 10.0 5.02494 5.02494 0.35 1.2
-999
7.0 9.63333 0.1 10.0005 0.82765 0.8
-1000
8.25 9.5 1.25 8.75 0.85 0.7433
-1000
8.25 9.9 1.31244 8.75914 0.45 1.12805
-21.109
10.75 9.5 3.75 6.25 0.85 0.7
-1000
12.0 9.63333 5.001 5.001 0.75 0.8
-1000
7.0 9.23333 0.3 10.0045 1.20208 0.4
-26.357
7.0 9.5 0.0 10.0 0.91924 0.7
-1000
12.0 9.9 5.01597 5.01597 0.45 1.1
-1000
8.25 9.1 1.31244 8.75914 1.25 0.39051
-19.929
12.0 9.9 5.01597 5.01597 0.45 1.1
-999
12.0 9.9 5.01597 5.01597 0.45 1.1
-999
12.0 9.1 5.01597 5.01597 1.25 0.3
-1000
7.0 9.23333 0.3 10.0045 1.20208 0.4
-1000
9.5 10.0 2.54951 7.51665 0.35 1.20934
-24.179
8.25 9.5 1.25 8.75 0.85 0.7433
-1000
8.25 9.1 1.31244 8.75914 1.25 0.39051
-1000
9.5 9.9 2.5318 7.51066 0.45 1.11018
-17.249
8.25 9.9 1.31244 8.75914 0.45 1.12805
-1000
12.0 9.23333 5.00899 5.00899 1.15 0.4
-1000
9.5 9.76667 2.51247 7.50417 0.6 0.96177
-1000
9.5 9.1 2.5318 7.51066 1.25 0.33541
-17.089
12.0 9.36667 5.00225 5.00225 1.0 0.55
-1000
7.0 9.1 0.4 10.008 1.29808 0.3
-24.691
8.25 9.1 1.31244 8.75914 1.25 0.39051
-19.833
9.5 9.76667 2.51247 7.50417 0.6 0.96177
-1000
7.0 9.36667 0.15 10.00112 1.05948 0.55
-1000
9.5 9.63333 2.502 7.50067 0.75 0.81394
-999
9.5 9.63333 2.502 7.50067 0.75 0.81394
-999
12.0 9.9 5.01597 5.01597 0.45 1.1
-999
8.25 9.76667 1.27475 8.75357 0.6 0.98234
-999
9.5 9.5 2.5 7.5 0.85 0.71589
-1000
10.75 10.0 3.78319 6.26997 0.35 1.2
-1000
9.5 9.1 2.5318 7.51066 1.25 0.33541
-17.178
12.0 9.36667 5.00225 5.00225 1.0 0.55
-1000
10.75 9.23333 3.76198 6.2572 1.15 0.4
-1000
7.0 9.9 0.4 10.008 0.57009 1.1
-1000
12.0 9.5 5.0 5.0 0.85 0.7
-1000
9.5 9.5 2.5 7.5 0.85 0.71589
-1000
12.0 9.63333 5.001 5.001 0.75 0.8
-999
10.75 10.0 3.78319 6.26997 0.35 1.2
-1000
8.25 9.63333 1.25399 8.75057 0.75 0.83815
-999
10.75 9.76667 3.75832 6.255 0.6 0.95
-1000
10.75 9.76667 3.75832 6.255 0.6 0.95
-1000
7.0 9.63333 0.1 10.0005 0.82765 0.8
-1000
10.75 9.36667 3.753 6.2518 1.0 0.55
-1000
8.25 10.0 1.34629 8.76427 0.35 1.22577
-21.929
8.25 9.76667 1.27475 8.75357 0.6 0.98234
-999
7.0 9.5 0.0 10.0 0.91924 0.7
-1000
7.0 9.36667 0.15 10.00112 1.05948 0.55
-1000
7.0 9.23333 0.3 10.0045 1.20208 0.4
-1000
9.5 9.23333 2.51794 7.506 1.15 0.4272
-1000
8.25 9.23333 1.2855 8.75514 1.15 0.4717
-1000
10.75 9.36667 3.753 6.2518 1.0 0.55
-1000
8.25 9.1 1.31244 8.75914 1.25 0.39051
-21.311
9.5 9.36667 2.5045 7.5015 1.0 0.57009
-1000
7.0 10.0 0.5 10.01249 0.49497 1.2
-1000
8.25 9.5 1.25 8.75 0.85 0.7433
-1000
12.0 9.9 5.01597 5.01597 0.45 1.1
-999
8.25 9.9 1.31244 8.75914 0.45 1.12805
-20.365
7.0 9.63333 0.1 10.0005 0.82765 0.8
-1000
10.75 10.0 3.78319 6.26997 0.35 1.2
-1000
10.75 9.23333 3.76198 6.2572 1.15 0.4
-1000
7.0 10.0 0.5 10.01249 0.49497 1.2
-1000
7.0 9.63333 0.1 10.0005 0.82765 0.8
-1000
8.25 9.76667 1.27475 8.75357 0.6 0.98234
-1000
9.5 9.5 2.5 7.5 0.85 0.71589
-1000
7.0 9.36667 0.15 10.00112 1.05948 0.55
-1000
7.0 10.0 0.5 10.01249 0.49497 1.2
-1000
7.0 10.0 0.5 10.01249 0.49497 1.2
-1000
7.0 10.0 0.5 10.01249 0.49497 1.2
-23.722
12.0 9.9 5.01597 5.01597 0.45 1.1
-999
10.75 10.0 3.78319 6.26997 0.35 1.2
-13.966
8.25 9.9 1.31244 8.75914 0.45 1.12805
-33.297
8.25 9.76667 1.27475 8.75357 0.6 0.98234
-999
7.0 9.5 0.0 10.0 0.91924 0.7
-1000
12.0 9.23333 5.00899 5.00899 1.15 0.4
-999
7.0 9.23333 0.3 10.0045 1.20208 0.4
-31.951
9.5 9.23333 2.51794 7.506 1.15 0.4272
-17.515
10.75 9.5 3.75 6.25 0.85 0.7
-1000
7.0 10.0 0.5 10.01249 0.49497 1.2
-1000
8.25 9.23333 1.2855 8.75514 1.15 0.4717
-1000
12.0 10.0 5.02494 5.02494 0.35 1.2
-999
7.0 10.0 0.5 10.01249 0.49497 1.2
-1000
10.75 9.5 3.75 6.25 0.85 0.7
-1000
8.25 9.1 1.31244 8.75914 1.25 0.39051
-19.891
8.25 9.63333 1.25399 8.75057 0.75 0.83815
-999
8.25 9.63333 1.25399 8.75057 0.75 0.83815
-999
8.25 9.36667 1.25897 8.75129 1.0 0.60415
-1000
10.75 10.0 3.78319 6.26997 0.35 1.2
-1000
9.5 9.36667 2.5045 7.5015 1.0 0.57009
-1000
7.0 9.76667 0.25 10.00312 0.69462 0.95
-1000
12.0 9.1 5.01597 5.01597 1.25 0.3
-1000
10.75 10.0 3.78319 6.26997 0.35 1.2
-1000
7.0 9.1 0.4 10.008 1.29808 0.3
-28.005
10.75 9.63333 3.75133 6.2508 0.75 0.8
-999
7.0 9.36667 0.15 10.00112 1.05948 0.55
-1000
8.25 9.5 1.25 8.75 0.85 0.7433
-1000
10.75 9.9 3.77127 6.26279 0.45 1.1
-1000
9.5 10.0 2.54951 7.51665 0.35 1.20934
-17.775
7.0 9.76667 0.25 10.00312 0.69462 0.95
-1000
10.75 9.23333 3.76198 6.2572 1.15 0.4
-1000
10.75 9.36667 3.753 6.2518 1.0 0.55
-1000
7.0 10.0 0.5 10.01249 0.49497 1.2
-23.95
12.0 9.1 5.01597 5.01597 1.25 0.3
-1000
12.0 9.1 5.01597 5.01597 1.25 0.3
-14.173
10.75 10.0 3.78319 6.26997 0.35 1.2
-1000
9.5 9.5 2.5 7.5 0.85 0.71589
-1000
10.75 9.1 3.77127 6.26279 1.25 0.3
-14.601
7.0 9.76667 0.25 10.00312 0.69462 0.95
-997
7.0 9.23333 0.3 10.0045 1.20208 0.4
-1000
9.5 9.36667 2.5045 7.5015 1.0 0.57009
-1000
7.0 9.9 0.4 10.008 0.57009 1.1
-1000
12.0 9.76667 5.00625 5.00625 0.6 0.95
-999
8.25 9.63333 1.25399 8.75057 0.75 0.83815
-999
10.75 9.23333 3.76198 6.2572 1.15 0.4
-14.424
7.0 9.1 0.4 10.008 1.29808 0.3
-25.7
9.5 9.23333 2.51794 7.506 1.15 0.4272
-1000
12.0 9.76667 5.00625 5.00625 0.6 0.95
-999
8.25 9.36667 1.25897 8.75129 1.0 0.60415
-1000
7.0 9.76667 0.25 10.00312 0.69462 0.95
-1000
8.25 9.36667 1.25897 8.75129 1.0 0.60415
-1000
9.5 9.1 2.5318 7.51066 1.25 0.33541
-16.942
10.75 9.63333 3.75133 6.2508 0.75 0.8
-999
12.0 10.0 5.02494 5.02494 0.35 1.2
-999
8.25 9.1 1.31244 8.75914 1.25 0.39051
-20.273
8.25 9.5 1.25 8.75 0.85 0.7433
-1000
7.0 9.23333 0.3 10.0045 1.20208 0.4
-1000
9.5 9.5 2.5 7.5 0.85 0.71589
-1000
10.75 10.0 3.78319 6.26997 0.35 1.2
-20.106
12.0 9.36667 5.00225 5.00225 1.0 0.55
-1000
10.75 9.23333 3.76198 6.2572 1.15 0.4
-1000
8.25 9.76667 1.27475 8.75357 0.6 0.98234
-999
9.5 9.1 2.5318 7.51066 1.25 0.33541
-16.671
8.25 9.36667 1.25897 8.75129 1.0 0.60415
-1000
7.0 9.1 0.4 10.008 1.29808 0.3
-24.762
7.0 9.36667 0.15 10.00112 1.05948 0.55
-1000
7.0 9.1 0.4 10.008 1.29808 0.3
-1000
8.25 9.36667 1.25897 8.75129 1.0 0.60415
-1000
10.75 9.36667 3.753 6.2518 1.0 0.55
-1000
7.0 9.76667 0.25 10.00312 0.69462 0.95
-31.225
8.25 9.63333 1.25399 8.75057 0.75 0.83815
-999
12.0 9.5 5.0 5.0 0.85 0.7
-1000
7.0 9.5 0.0 10.0 0.91924 0.7
-1000
8.25 10.0 1.34629 8.76427 0.35 1.22577
-20.652
7.0 9.36667 0.15 10.00112 1.05948 0.55
-1000
10.75 9.63333 3.75133 6.2508 0.75 0.8
-999
8.25 10.0 1.34629 8.76427 0.35 1.22577
-21.054
8.25 9.36667 1.25897 8.75129 1.0 0.60415
-21.077
8.25 9.5 1.25 8.75 0.85 0.7433
-999
9.5 10.0 2.54951 7.51665 0.35 1.20934
-20.672
9.5 9.1 2.5318 7.51066 1.25 0.33541
-17.203
9.5 9.76667 2.51247 7.50417 0.6 0.96177
-1000
7.0 9.5 0.0 10.0 0.91924 0.7
-1000
12.0 9.63333 5.001 5.001 0.75 0.8
-999
8.25 9.5 1.25 8.75 0.85 0.7433
-1000
8.25 9.5 1.25 8.75 0.85 0.7433
-999
7.0 9.36667 0.15 10.00112 1.05948 0.55
-1000
8.25 9.63333 1.25399 8.75057 0.75 0.83815
-999
10.75 9.9 3.77127 6.26279 0.45 1.1
-1000
12.0 9.63333 5.001 5.001 0.75 0.8
-999
7.0 9.36667 0.15 10.00112 1.05948 0.55
-1000
7.0 9.23333 0.3 10.0045 1.20208 0.4
-26.976
7.0 9.76667 0.25 10.00312 0.69462 0.95
-1000
8.25 9.23333 1.2855 8.75514 1.15 0.4717
-1000
8.25 9.63333 1.25399 8.75057 0.75 0.83815
-999
9.5 10.0 2.54951 7.51665 0.35 1.20934
-19.536
7.0 9.36667 0.15 10.00112 1.05948 0.55
-1000
8.25 9.63333 1.25399 8.75057 0.75 0.83815
-999
8.25 9.1 1.31244 8.75914 1.25 0.39051
-20.108
9.5 9.5 2.5 7.5 0.85 0.71589
-1000
8.25 9.23333 1.2855 8.75514 1.15 0.4717
-1000
8.25 9.5 1.25 8.75 0.85 0.7433
-1000
8.25 9.23333 1.2855 8.75514 1.15 0.4717
-1000
8.25 9.76667 1.27475 8.75357 0.6 0.98234
-999
7.0 9.9 0.4 10.008 0.57009 1.1
-1000
7.0 9.36667 0.15 10.00112 1.05948 0.55
-1000
12.0 9.23333 5.00899 5.00899 1.15 0.4
-1000
12.0 9.9 5.01597 5.01597 0.45 1.1
-999
8.25 9.76667 1.27475 8.75357 0.6 0.98234
-999
7.0 9.1 0.4 10.008 1.29808 0.3
-28.066
12.0 9.5 5.0 5.0 0.85 0.7
-999
9.5 9.63333 2.502 7.50067 0.75 0.81394
-999
8.25 9.63333 1.25399 8.75057 0.75 0.83815
-999
12.0 9.9 5.01597 5.01597 0.45 1.1
-1000
7.0 9.36667 0.15 10.00112 1.05948 0.55
-1000
10.75 9.23333 3.76198 6.2572 1.15 0.4
-1000
9.5 10.0 2.54951 7.51665 0.35 1.20934
-20.241
7.0 9.76667 0.25 10.00312 0.69462 0.95
-1000
10.75 9.63333 3.75133 6.2508 0.75 0.8
-999
10.75 9.5 3.75 6.25 0.85 0.7
-1000
9.5 10.0 2.54951 7.51665 0.35 1.20934
-20.479
9.5 9.76667 2.51247 7.50417 0.6 0.96177
-1000
9.5 9.63333 2.502 7.50067 0.75 0.81394
-999
12.0 9.9 5.01597 5.01597 0.45 1.1
-999
10.75 9.9 3.77127 6.26279 0.45 1.1
-1000
10.75 9.1 3.77127 6.26279 1.25 0.3
-14.388
12.0 9.63333 5.001 5.001 0.75 0.8
-997
12.0 9.23333 5.00899 5.00899 1.15 0.4
-13.82
12.0 9.63333 5.001 5.001 0.75 0.8
-999
12.0 10.0 5.02494 5.02494 0.35 1.2
-999
7.0 9.9 0.4 10.008 0.57009 1.1
-1000
12.0 9.63333 5.001 5.001 0.75 0.8
-999
8.25 9.36667 1.25897 8.75129 1.0 0.60415
-1000
7.0 9.9 0.4 10.008 0.57009 1.1
-1000
8.25 10.0 1.34629 8.76427 0.35 1.22577
-20.718
9.5 9.23333 2.51794 7.506 1.15 0.4272
-1000
8.25 9.36667 1.25897 8.75129 1.0 0.60415
-1000
10.75 9.76667 3.75832 6.255 0.6 0.95
-999
7.0 9.23333 0.3 10.0045 1.20208 0.4
-1000
8.25 9.9 1.31244 8.75914 0.45 1.12805
-1000
9.5 9.63333 2.502 7.50067 0.75 0.81394
-999
12.0 9.63333 5.001 5.001 0.75 0.8
-999
10.75 9.36667 3.753 6.2518 1.0 0.55
-1000
10.75 9.1 3.77127 6.26279 1.25 0.3
-15.169
9.5 9.63333 2.502 7.50067 0.75 0.81394
-999
10.75 9.76667 3.75832 6.255 0.6 0.95
-1000
7.0 9.5 0.0 10.0 0.91924 0.7
-1000
8.25 9.1 1.31244 8.75914 1.25 0.39051
-19.722
12.0 9.5 5.0 5.0 0.85 0.7
-999
10.75 9.1 3.77127 6.26279 1.25 0.3
-15.55
12.0 9.63333 5.001 5.001 0.75 0.8
-997
9.5 9.9 2.5318 7.51066 0.45 1.11018
-17.905
7.0 9.1 0.4 10.008 1.29808 0.3
-25.461
7.0 9.36667 0.15 10.00112 1.05948 0.55
-1000
9.5 9.23333 2.51794 7.506 1.15 0.4272
-1000
9.5 9.9 2.5318 7.51066 0.45 1.11018
-17.12
10.75 9.36667 3.753 6.2518 1.0 0.55
-1000
8.25 9.1 1.31244 8.75914 1.25 0.39051
-20.255
8.25 9.36667 1.25897 8.75129 1.0 0.60415
-1000
8.25 9.1 1.31244 8.75914 1.25 0.39051
-20.329
7.0 9.9 0.4 10.008 0.57009 1.1
-1000
8.25 9.23333 1.2855 8.75514 1.15 0.4717
-1000
12.0 10.0 5.02494 5.02494 0.35 1.2
-999
8.25 9.1 1.31244 8.75914 1.25 0.39051
-20.173
9.5 9.1 2.5318 7.51066 1.25 0.33541
-1000
12.0 9.1 5.01597 5.01597 1.25 0.3
-1000
9.5 9.1 2.5318 7.51066 1.25 0.33541
-18.252
10.75 9.36667 3.753 6.2518 1.0 0.55
-1000
9.5 9.1 2.5318 7.51066 1.25 0.33541
-17.268
9.5 9.23333 2.51794 7.506 1.15 0.4272
-1000
8.25 10.0 1.34629 8.76427 0.35 1.22577
-21.175
10.75 9.5 3.75 6.25 0.85 0.7
-1000
12.0 10.0 5.02494 5.02494 0.35 1.2
-999
9.5 9.9 2.5318 7.51066 0.45 1.11018
-18.409
7.0 9.76667 0.25 10.00312 0.69462 0.95
-997
9.5 9.5 2.5 7.5 0.85 0.71589
-1000
10.75 10.0 3.78319 6.26997 0.35 1.2
-1000
7.0 9.23333 0.3 10.0045 1.20208 0.4
-27.062
9.5 9.5 2.5 7.5 0.85 0.71589
-1000
12.0 9.23333 5.00899 5.00899 1.15 0.4
-999
10.75 9.23333 3.76198 6.2572 1.15 0.4
-1000
8.25 9.36667 1.25897 8.75129 1.0 0.60415
-1000
7.0 9.23333 0.3 10.0045 1.20208 0.4
-1000
9.5 9.1 2.5318 7.51066 1.25 0.33541
-17.142
7.0 9.5 0.0 10.0 0.91924 0.7
-1000
9.5 9.36667 2.5045 7.5015 1.0 0.57009
-1000
12.0 9.9 5.01597 5.01597 0.45 1.1
-1000
10.75 9.76667 3.75832 6.255 0.6 0.95
-1000
9.5 9.23333 2.51794 7.506 1.15 0.4272
-1000
7.0 9.63333 0.1 10.0005 0.82765 0.8
-1000
12.0 9.76667 5.00625 5.00625 0.6 0.95
-999
8.25 9.9 1.31244 8.75914 0.45 1.12805
-20.883
7.0 9.63333 0.1 10.0005 0.82765 0.8
-1000
10.75 9.5 3.75 6.25 0.85 0.7
-1000
9.5 9.9 2.5318 7.51066 0.45 1.11018
-17.532
9.5 9.63333 2.502 7.50067 0.75 0.81394
-999
8.25 9.76667 1.27475 8.75357 0.6 0.98234
-999
10.75 9.76667 3.75832 6.255 0.6 0.95
-999
12.0 9.9 5.01597 5.01597 0.45 1.1
-999
9.5 9.63333 2.502 7.50067 0.75 0.81394
-999
7.0 9.23333 0.3 10.0045 1.20208 0.4
-1000
10.75 9.23333 3.76198 6.2572 1.15 0.4
-1000
12.0 9.9 5.01597 5.01597 0.45 1.1
-999
12.0 9.63333 5.001 5.001 0.75 0.8
-999
7.0 9.36667 0.15 10.00112 1.05948 0.55
-1000
7.0 9.1 0.4 10.008 1.29808 0.3
-24.727
7.0 9.36667 0.15 10.00112 1.05948 0.55
-1000
12.0 9.63333 5.001 5.001 0.75 0.8
-999
7.0 9.23333 0.3 10.0045 1.20208 0.4
-1000
9.5 9.76667 2.51247 7.50417 0.6 0.96177
-1000
8.25 9.9 1.31244 8.75914 0.45 1.12805
-20.955
9.5 9.23333 2.51794 7.506 1.15 0.4272
-1000
9.5 9.9 2.5318 7.51066 0.45 1.11018
-17.108
9.5 9.23333 2.51794 7.506 1.15 0.4272
-1000
12.0 9.23333 5.00899 5.00899 1.15 0.4
-15.323
10.75 9.36667 3.753 6.2518 1.0 0.55
-1000
10.75 9.36667 3.753 6.2518 1.0 0.55
-1000
10.75 9.5 3.75 6.25 0.85 0.7
-1000
8.25 9.36667 1.25897 8.75129 1.0 0.60415
-1000
12.0 10.0 5.02494 5.02494 0.35 1.2
-999
9.5 9.9 2.5318 7.51066 0.45 1.11018
-18.387
12.0 9.9 5.01597 5.01597 0.45 1.1
-999
7.0 9.63333 0.1 10.0005 0.82765 0.8
-1000
10.75 9.5 3.75 6.25 0.85 0.7
-1000
8.25 9.5 1.25 8.75 0.85 0.7433
-1000
10.75 9.63333 3.75133 6.2508 0.75 0.8
-999
7.0 9.36667 0.15 10.00112 1.05948 0.55
-1000
9.5 9.23333 2.51794 7.506 1.15 0.4272
-1000
7.0 9.5 0.0 10.0 0.91924 0.7
-1000
12.0 9.1 5.01597 5.01597 1.25 0.3
-14.976
10.75 9.63333 3.75133 6.2508 0.75 0.8
-999
9.5 10.0 2.54951 7.51665 0.35 1.20934
-1000
8.25 9.63333 1.25399 8.75057 0.75 0.83815
-999
9.5 9.9 2.5318 7.51066 0.45 1.11018
-1000
12.0 9.23333 5.00899 5.00899 1.15 0.4
-1000
7.0 9.76667 0.25 10.00312 0.69462 0.95
-1000
8.25 9.76667 1.27475 8.75357 0.6 0.98234
-999
12.0 9.5 5.0 5.0 0.85 0.7
-1000
10.75 10.0 3.78319 6.26997 0.35 1.2
-1000
7.0 9.76667 0.25 10.00312 0.69462 0.95
-1000
8.25 9.5 1.25 8.75 0.85 0.7433
-999
8.25 9.63333 1.25399 8.75057 0.75 0.83815
-999
9.5 9.9 2.5318 7.51066 0.45 1.11018
-17.061
12.0 9.36667 5.00225 5.00225 1.0 0.55
-1000
10.75 9.76667 3.75832 6.255 0.6 0.95
-1000
8.25 9.36667 1.25897 8.75129 1.0 0.60415
-1000
8.25 9.9 1.31244 8.75914 0.45 1.12805
-1000
8.25 9.5 1.25 8.75 0.85 0.7433
-999
10.75 9.63333 3.75133 6.2508 0.75 0.8
-999
9.5 9.1 2.5318 7.51066 1.25 0.33541
-16.946
7.0 9.23333 0.3 10.0045 1.20208 0.4
-1000
7.0 9.76667 0.25 10.00312 0.69462 0.95
-1000
7.0 9.1 0.4 10.008 1.29808 0.3
-24.917
7.0 9.76667 0.25 10.00312 0.69462 0.95
-1000
10.75 9.1 3.77127 6.26279 1.25 0.3
-1000
8.25 9.63333 1.25399 8.75057 0.75 0.83815
-999
10.75 9.23333 3.76198 6.2572 1.15 0.4
-1000
9.5 9.36667 2.5045 7.5015 1.0 0.57009
-1000
9.5 9.63333 2.502 7.50067 0.75 0.81394
-999
10.75 9.76667 3.75832 6.255 0.6 0.95
-1000
7.0 9.63333 0.1 10.0005 0.82765 0.8
-1000
7.0 9.5 0.0 10.0 0.91924 0.7
-1000
10.75 9.36667 3.753 6.2518 1.0 0.55
-1000
9.5 9.23333 2.51794 7.506 1.15 0.4272
-1000
9.5 9.23333 2.51794 7.506 1.15 0.4272
-1000
7.0 9.63333 0.1 10.0005 0.82765 0.8
-1000
10.75 9.1 3.77127 6.26279 1.25 0.3
-14.457
10.75 9.9 3.77127 6.26279 0.45 1.1
-997
8.25 10.0 1.34629 8.76427 0.35 1.22577
-21.063
9.5 9.76667 2.51247 7.50417 0.6 0.96177
-1000
12.0 9.63333 5.001 5.001 0.75 0.8
-999
7.0 9.9 0.4 10.008 0.57009 1.1
-1000
12.0 9.36667 5.00225 5.00225 1.0 0.55
-1000
7.0 9.63333 0.1 10.0005 0.82765 0.8
-1000
12.0 9.23333 5.00899 5.00899 1.15 0.4
-1000
8.25 9.36667 1.25897 8.75129 1.0 0.60415
-1000
7.0 9.9 0.4 10.008 0.57009 1.1
-1000
12.0 9.9 5.01597 5.01597 0.45 1.1
-1000
8.25 9.63333 1.25399 8.75057 0.75 0.83815
-999
12.0 9.5 5.0 5.0 0.85 0.7
-999
8.25 9.36667 1.25897 8.75129 1.0 0.60415
-1000
8.25 9.76667 1.27475 8.75357 0.6 0.98234
-999
12.0 9.23333 5.00899 5.00899 1.15 0.4
-13.115
8.25 9.36667 1.25897 8.75129 1.0 0.60415
-1000
8.25 9.36667 1.25897 8.75129 1.0 0.60415
-1000
8.25 9.5 1.25 8.75 0.85 0.7433
-999
8.25 9.76667 1.27475 8.75357 0.6 0.98234
-999
10.75 9.5 3.75 6.25 0.85 0.7
-1000
9.5 9.63333 2.502 7.50067 0.75 0.81394
-999
10.75 9.23333 3.76198 6.2572 1.15 0.4
-1000
7.0 9.36667 0.15 10.00112 1.05948 0.55
-1000
10.75 9.36667 3.753 6.2518 1.0 0.55
-1000
9.5 9.63333 2.502 7.50067 0.75 0.81394
-999
10.75 9.63333 3.75133 6.2508 0.75 0.8
-999
10.75 10.0 3.78319 6.26997 0.35 1.2
-1000
12.0 9.76667 5.00625 5.00625 0.6 0.95
-999
12.0 9.23333 5.00899 5.00899 1.15 0.4
-999
9.5 9.76667 2.51247 7.50417 0.6 0.96177
-1000
8.25 9.9 1.31244 8.75914 0.45 1.12805
-21.579
9.5 9.5 2.5 7.5 0.85 0.71589
-1000
12.0 9.36667 5.00225 5.00225 1.0 0.55
-1000
7.0 9.76667 0.25 10.00312 0.69462 0.95
-1000
9.5 9.36667 2.5045 7.5015 1.0 0.57009
-1000
10.75 9.1 3.77127 6.26279 1.25 0.3
-14.49
7.0 9.36667 0.15 10.00112 1.05948 0.55
-1000
7.0 9.76667 0.25 10.00312 0.69462 0.95
-1000
10.75 9.23333 3.76198 6.2572 1.15 0.4
-1000
8.25 9.23333 1.2855 8.75514 1.15 0.4717
-21.085
12.0 10.0 5.02494 5.02494 0.35 1.2
-999
12.0 9.76667 5.00625 5.00625 0.6 0.95
-999
12.0 10.0 5.02494 5.02494 0.35 1.2
-999
7.0 9.1 0.4 10.008 1.29808 0.3
-1000
9.5 10.0 2.54951 7.51665 0.35 1.20934
-22.154
9.5 9.9 2.5318 7.51066 0.45 1.11018
-18.439
7.0 9.36667 0.15 10.00112 1.05948 0.55
-1000
7.0 9.9 0.4 10.008 0.57009 1.1
-1000
10.75 9.36667 3.753 6.2518 1.0 0.55
-1000
9.5 9.1 2.5318 7.51066 1.25 0.33541
-18.748
12.0 9.36667 5.00225 5.00225 1.0 0.55
-1000
7.0 9.23333 0.3 10.0045 1.20208 0.4
-1000
12.0 9.23333 5.00899 5.00899 1.15 0.4
-1000
12.0 9.63333 5.001 5.001 0.75 0.8
-999
10.75 9.5 3.75 6.25 0.85 0.7
-1000
8.25 9.1 1.31244 8.75914 1.25 0.39051
-20.134
8.25 9.36667 1.25897 8.75129 1.0 0.60415
-1000
10.75 9.36667 3.753 6.2518 1.0 0.55
-1000
7.0 9.1 0.4 10.008 1.29808 0.3
-24.597
12.0 9.5 5.0 5.0 0.85 0.7
-999
12.0 9.9 5.01597 5.01597 0.45 1.1
-999
7.0 9.76667 0.25 10.00312 0.69462 0.95
-1000
8.25 9.23333 1.2855 8.75514 1.15 0.4717
-1000
10.75 9.63333 3.75133 6.2508 0.75 0.8
-999
7.0 9.5 0.0 10.0 0.91924 0.7
-1000
9.5 9.36667 2.5045 7.5015 1.0 0.57009
-1000
10.75 10.0 3.78319 6.26997 0.35 1.2
-1000
7.0 9.76667 0.25 10.00312 0.69462 0.95
-1000
10.75 9.1 3.77127 6.26279 1.25 0.3
-14.325
9.5 9.9 2.5318 7.51066 0.45 1.11018
-17.22
8.25 9.9 1.31244 8.75914 0.45 1.12805
-1000
10.75 9.1 3.77127 6.26279 1.25 0.3
-14.748
8.25 9.9 1.31244 8.75914 0.45 1.12805
-20.713
7.0 9.63333 0.1 10.0005 0.82765 0.8
-1000
10.75 9.1 3.77127 6.26279 1.25 0.3
-13.593
8.25 9.5 1.25 8.75 0.85 0.7433
-999
10.75 9.63333 3.75133 6.2508 0.75 0.8
-999
9.5 9.23333 2.51794 7.506 1.15 0.4272
-1000
8.25 9.23333 1.2855 8.75514 1.15 0.4717
-1000
8.25 9.23333 1.2855 8.75514 1.15 0.4717
-21.469
10.75 9.23333 3.76198 6.2572 1.15 0.4
-1000
12.0 9.5 5.0 5.0 0.85 0.7
-1000
8.25 9.36667 1.25897 8.75129 1.0 0.60415
-1000
8.25 9.63333 1.25399 8.75057 0.75 0.83815
-999
9.5 9.23333 2.51794 7.506 1.15 0.4272
-1000
10.75 9.76667 3.75832 6.255 0.6 0.95
-999
9.5 9.63333 2.502 7.50067 0.75 0.81394
-999
9.5 9.5 2.5 7.5 0.85 0.71589
-1000
8.25 9.36667 1.25897 8.75129 1.0 0.60415
-1000
8.25 9.5 1.25 8.75 0.85 0.7433
-999
8.25 9.23333 1.2855 8.75514 1.15 0.4717
-19.979
7.0 10.0 0.5 10.01249 0.49497 1.2
-1000
9.5 9.36667 2.5045 7.5015 1.0 0.57009
-1000
8.25 9.23333 1.2855 8.75514 1.15 0.4717
-20.47
8.25 9.76667 1.27475 8.75357 0.6 0.98234
-999
9.5 9.76667 2.51247 7.50417 0.6 0.96177
-1000
10.75 9.63333 3.75133 6.2508 0.75 0.8
-999
7.0 9.36667 0.15 10.00112 1.05948 0.55
-1000
10.75 9.5 3.75 6.25 0.85 0.7
-1000
10.75 10.0 3.78319 6.26997 0.35 1.2
-1000
9.5 9.1 2.5318 7.51066 1.25 0.33541
-17.007
12.0 9.23333 5.00899 5.00899 1.15 0.4
-14.398
8.25 9.63333 1.25399 8.75057 0.75 0.83815
-999
10.75 9.9 3.77127 6.26279 0.45 1.1
-1000
12.0 9.76667 5.00625 5.00625 0.6 0.95
-999
10.75 9.63333 3.75133 6.2508 0.75 0.8
-999
12.0 9.23333 5.00899 5.00899 1.15 0.4
-13.294
9.5 9.63333 2.502 7.50067 0.75 0.81394
-999
7.0 9.1 0.4 10.008 1.29808 0.3
-25.459
12.0 9.36667 5.00225 5.00225 1.0 0.55
-1000
9.5 9.63333 2.502 7.50067 0.75 0.81394
-999
10.75 9.23333 3.76198 6.2572 1.15 0.4
-1000
10.75 9.1 3.77127 6.26279 1.25 0.3
-15.027
9.5 9.9 2.5318 7.51066 0.45 1.11018
-1000
