10.75 9.63333 3.75237 6.25142 0.666667 0.933333 
-999
10.75 9.5 3.75 6.25 0.8 0.8 
-1000
7 9.36667 0.133333 10.0009 0.933333 0.666667 
-1000
7 10 0.5 10.0125 0.3 1.3 
-1000
7 9.9 0.4 10.008 0.4 1.2 
-1000
10.75 10 3.78319 6.26997 0.3 1.3 
-1000
10.75 10 3.78319 6.26997 0.3 1.3 
-1000
10.75 9.36667 3.75237 6.25142 0.933333 0.666667 
-1000
7 9.1 0.4 10.008 1.2 0.4 
-1000
10.75 9.76667 3.75947 6.25569 0.533334 1.06667 
-1000
9.5 9.5 2.5 7.5 0.8 0.8 
-1000
8.25 9.5 1.25 8.75 0.8 0.8 
-999
12 9.5 5 5 0.8 0.8 
-999
12 9.9 5.01597 5.01597 0.4 1.2 
-999
10.75 9.76667 3.75947 6.25569 0.533334 1.06667 
-1000
12 9.76667 5.00711 5.00711 0.533334 1.06667 
-999
12 9.63333 5.00178 5.00178 0.666667 0.933333 
-999
9.5 9.23333 2.51418 7.50474 1.06667 0.533334 
-1000
10.75 9.36667 3.75237 6.25142 0.933333 0.666667 
-1000
12 9.76667 5.00711 5.00711 0.533334 1.06667 
-999
9.5 9.5 2.5 7.5 0.8 0.8 
-1000
8.25 9.5 1.25 8.75 0.8 0.8 
-999
12 9.1 5.01597 5.01597 1.2 0.4 
-999
8.25 9.76667 1.27813 8.75406 0.533334 1.06667 
-999
9.5 9.1 2.5318 7.51066 1.2 0.4 
-17.394
7 9.76667 0.266666 10.0036 0.533334 1.06667 
-1000
12 9.76667 5.00711 5.00711 0.533334 1.06667 
-999
8.25 10 1.34629 8.76427 0.3 1.3 
-20.951
7 9.76667 0.266666 10.0036 0.533334 1.06667 
-1000
10.75 9.36667 3.75237 6.25142 0.933333 0.666667 
-1000
7 10 0.5 10.0125 0.3 1.3 
-1000
12 9.5 5 5 0.8 0.8 
-1000
12 10 5.02494 5.02494 0.3 1.3 
-999
12 9.36667 5.00178 5.00178 0.933333 0.666667 
-1000
9.5 9.63333 2.50355 7.50118 0.666667 0.933333 
-999
7 9.9 0.4 10.008 0.4 1.2 
-1000
9.5 9.9 2.5318 7.51066 0.4 1.2 
-17.927
9.5 9.36667 2.50355 7.50118 0.933333 0.666667 
-1000
12 9.23333 5.00711 5.00711 1.06667 0.533334 
-12.009
9.5 9.9 2.5318 7.51066 0.4 1.2 
-1000
7 10 0.5 10.0125 0.3 1.3 
-1000
12 10 5.02494 5.02494 0.3 1.3 
-999
10.75 9.23333 3.75947 6.25569 1.06667 0.533334 
-1000
10.75 9.76667 3.75947 6.25569 0.533334 1.06667 
-1000
10.75 9.63333 3.75237 6.25142 0.666667 0.933333 
-999
7 9.1 0.4 10.008 1.2 0.4 
-29.25
9.5 9.9 2.5318 7.51066 0.4 1.2 
-17.466
8.25 9.36667 1.25709 8.75102 0.933333 0.666667 
-1000
9.5 9.23333 2.51418 7.50474 1.06667 0.533334 
-1000
7 9.5 0 10 0.8 0.8 
-1000
7 9.36667 0.133333 10.0009 0.933333 0.666667 
-1000
10.75 9.5 3.75 6.25 0.8 0.8 
-1000
7 9.9 0.4 10.008 0.4 1.2 
-1000
10.75 9.23333 3.75947 6.25569 1.06667 0.533334 
-1000
9.5 10 2.54951 7.51665 0.3 1.3 
-20.91
9.5 9.9 2.5318 7.51066 0.4 1.2 
-17.008
9.5 9.76667 2.51418 7.50474 0.533334 1.06667 
-1000
10.75 9.23333 3.75947 6.25569 1.06667 0.533334 
-1000
8.25 9.23333 1.27813 8.75406 1.06667 0.533334 
-1000
10.75 9.63333 3.75237 6.25142 0.666667 0.933333 
-999
7 9.76667 0.266666 10.0036 0.533334 1.06667 
-1000
7 9.63333 0.133333 10.0009 0.666667 0.933333 
-1000
8.25 9.23333 1.27813 8.75406 1.06667 0.533334 
-1000
7 9.76667 0.266666 10.0036 0.533334 1.06667 
-1000
12 9.9 5.01597 5.01597 0.4 1.2 
-999
10.75 9.76667 3.75947 6.25569 0.533334 1.06667 
-999
8.25 9.63333 1.25709 8.75102 0.666667 0.933333 
-999
7 9.9 0.4 10.008 0.4 1.2 
-1000
12 9.9 5.01597 5.01597 0.4 1.2 
-1000
12 9.63333 5.00178 5.00178 0.666667 0.933333 
-999
10.75 9.76667 3.75947 6.25569 0.533334 1.06667 
-1000
12 9.23333 5.00711 5.00711 1.06667 0.533334 
-14.929
10.75 9.36667 3.75237 6.25142 0.933333 0.666667 
-1000
8.25 9.23333 1.27813 8.75406 1.06667 0.533334 
-1000
9.5 9.36667 2.50355 7.50118 0.933333 0.666667 
-1000
7 9.1 0.4 10.008 1.2 0.4 
-28.131
7 9.1 0.4 10.008 1.2 0.4 
-24.482
12 9.1 5.01597 5.01597 1.2 0.4 
-999
8.25 9.36667 1.25709 8.75102 0.933333 0.666667 
-1000
9.5 9.23333 2.51418 7.50474 1.06667 0.533334 
-1000
10.75 9.36667 3.75237 6.25142 0.933333 0.666667 
-1000
7 9.63333 0.133333 10.0009 0.666667 0.933333 
-1000
7 9.1 0.4 10.008 1.2 0.4 
-1000
12 9.23333 5.00711 5.00711 1.06667 0.533334 
-999
10.75 9.76667 3.75947 6.25569 0.533334 1.06667 
-1000
12 9.23333 5.00711 5.00711 1.06667 0.533334 
-1000
7 9.36667 0.133333 10.0009 0.933333 0.666667 
-1000
7 9.9 0.4 10.008 0.4 1.2 
-1000
8.25 9.63333 1.25709 8.75102 0.666667 0.933333 
-999
8.25 9.5 1.25 8.75 0.8 0.8 
-999
10.75 9.36667 3.75237 6.25142 0.933333 0.666667 
-1000
9.5 9.36667 2.50355 7.50118 0.933333 0.666667 
-1000
7 9.9 0.4 10.008 0.4 1.2 
-1000
10.75 9.36667 3.75237 6.25142 0.933333 0.666667 
-1000
8.25 9.9 1.31244 8.75914 0.4 1.2 
-19.902
12 9.63333 5.00178 5.00178 0.666667 0.933333 
-999
7 9.23333 0.266666 10.0036 1.06667 0.533334 
-1000
9.5 9.36667 2.50355 7.50118 0.933333 0.666667 
-1000
10.75 10 3.78319 6.26997 0.3 1.3 
-1000
7 10 0.5 10.0125 0.3 1.3 
-23.872
7 9.23333 0.266666 10.0036 1.06667 0.533334 
-1000
9.5 9.36667 2.50355 7.50118 0.933333 0.666667 
-1000
10.75 9.63333 3.75237 6.25142 0.666667 0.933333 
-999
10.75 9.5 3.75 6.25 0.8 0.8 
-1000
9.5 9.36667 2.50355 7.50118 0.933333 0.666667 
-1000
12 9.76667 5.00711 5.00711 0.533334 1.06667 
-999
10.75 9.63333 3.75237 6.25142 0.666667 0.933333 
-999
9.5 9.36667 2.50355 7.50118 0.933333 0.666667 
-1000
10.75 9.1 3.77127 6.26279 1.2 0.4 
-14.56
10.75 9.76667 3.75947 6.25569 0.533334 1.06667 
-1000
12 9.63333 5.00178 5.00178 0.666667 0.933333 
-999
7 9.63333 0.133333 10.0009 0.666667 0.933333 
-1000
12 9.36667 5.00178 5.00178 0.933333 0.666667 
-1000
10.75 9.5 3.75 6.25 0.8 0.8 
-1000
10.75 9.76667 3.75947 6.25569 0.533334 1.06667 
-999
9.5 9.5 2.5 7.5 0.8 0.8 
-1000
8.25 9.9 1.31244 8.75914 0.4 1.2 
-21.12
9.5 9.9 2.5318 7.51066 0.4 1.2 
-1000
9.5 9.23333 2.51418 7.50474 1.06667 0.533334 
-1000
9.5 9.36667 2.50355 7.50118 0.933333 0.666667 
-1000
12 9.36667 5.00178 5.00178 0.933333 0.666667 
-1000
12 9.36667 5.00178 5.00178 0.933333 0.666667 
-1000
12 9.63333 5.00178 5.00178 0.666667 0.933333 
-999
12 9.23333 5.00711 5.00711 1.06667 0.533334 
-1000
8.25 9.9 1.31244 8.75914 0.4 1.2 
-21.143
10.75 10 3.78319 6.26997 0.3 1.3 
-1000
10.75 9.1 3.77127 6.26279 1.2 0.4 
-14.621
9.5 9.1 2.5318 7.51066 1.2 0.4 
-29.675
9.5 9.1 2.5318 7.51066 1.2 0.4 
-18.913
8.25 9.76667 1.27813 8.75406 0.533334 1.06667 
-999
8.25 9.36667 1.25709 8.75102 0.933333 0.666667 
-1000
9.5 9.23333 2.51418 7.50474 1.06667 0.533334 
-1000
12 9.1 5.01597 5.01597 1.2 0.4 
-15.576
10.75 9.76667 3.75947 6.25569 0.533334 1.06667 
-1000
12 9.63333 5.00178 5.00178 0.666667 0.933333 
-999
7 9.76667 0.266666 10.0036 0.533334 1.06667 
-1000
9.5 9.76667 2.51418 7.50474 0.533334 1.06667 
-1000
8.25 9.36667 1.25709 8.75102 0.933333 0.666667 
-1000
8.25 9.9 1.31244 8.75914 0.4 1.2 
-1000
7 9.1 0.4 10.008 1.2 0.4 
-1000
7 10 0.5 10.0125 0.3 1.3 
-1000
7 9.76667 0.266666 10.0036 0.533334 1.06667 
-1000
9.5 10 2.54951 7.51665 0.3 1.3 
-17.813
10.75 9.76667 3.75947 6.25569 0.533334 1.06667 
-999
10.75 9.1 3.77127 6.26279 1.2 0.4 
-13.872
10.75 9.36667 3.75237 6.25142 0.933333 0.666667 
-997
7 10 0.5 10.0125 0.3 1.3 
-1000
12 9.9 5.01597 5.01597 0.4 1.2 
-999
7 9.5 0 10 0.8 0.8 
-1000
7 9.36667 0.133333 10.0009 0.933333 0.666667 
-1000
8.25 9.5 1.25 8.75 0.8 0.8 
-999
10.75 9.63333 3.75237 6.25142 0.666667 0.933333 
-999
12 9.63333 5.00178 5.00178 0.666667 0.933333 
-999
7 10 0.5 10.0125 0.3 1.3 
-1000
9.5 9.1 2.5318 7.51066 1.2 0.4 
-17.288
7 9.76667 0.266666 10.0036 0.533334 1.06667 
-1000
10.75 9.63333 3.75237 6.25142 0.666667 0.933333 
-999
12 9.1 5.01597 5.01597 1.2 0.4 
-1000
8.25 9.63333 1.25709 8.75102 0.666667 0.933333 
-999
12 10 5.02494 5.02494 0.3 1.3 
-999
7 9.1 0.4 10.008 1.2 0.4 
-25.113
8.25 9.76667 1.27813 8.75406 0.533334 1.06667 
-999
8.25 9.1 1.31244 8.75914 1.2 0.4 
-20.805
9.5 9.9 2.5318 7.51066 0.4 1.2 
-1000
12 10 5.02494 5.02494 0.3 1.3 
-999
12 9.5 5 5 0.8 0.8 
-1000
9.5 9.5 2.5 7.5 0.8 0.8 
-999
9.5 9.63333 2.50355 7.50118 0.666667 0.933333 
-999
7 9.1 0.4 10.008 1.2 0.4 
-25.031
12 9.5 5 5 0.8 0.8 
-999
8.25 9.63333 1.25709 8.75102 0.666667 0.933333 
-999
10.75 9.9 3.77127 6.26279 0.4 1.2 
-1000
8.25 10 1.34629 8.76427 0.3 1.3 
-20.708
7 9.1 0.4 10.008 1.2 0.4 
-26.252
7 9.76667 0.266666 10.0036 0.533334 1.06667 
-1000
8.25 9.5 1.25 8.75 0.8 0.8 
-1000
9.5 9.23333 2.51418 7.50474 1.06667 0.533334 
-1000
7 9.1 0.4 10.008 1.2 0.4 
-1000
7 9.63333 0.133333 10.0009 0.666667 0.933333 
-1000
8.25 9.5 1.25 8.75 0.8 0.8 
-999
12 9.9 5.01597 5.01597 0.4 1.2 
-1000
8.25 9.1 1.31244 8.75914 1.2 0.4 
-20.684
7 10 0.5 10.0125 0.3 1.3 
-1000
10.75 9.76667 3.75947 6.25569 0.533334 1.06667 
-1000
12 9.9 5.01597 5.01597 0.4 1.2 
-999
7 9.36667 0.133333 10.0009 0.933333 0.666667 
-1000
10.75 9.36667 3.75237 6.25142 0.933333 0.666667 
-1000
9.5 9.76667 2.51418 7.50474 0.533334 1.06667 
-999
10.75 9.23333 3.75947 6.25569 1.06667 0.533334 
-1000
12 9.9 5.01597 5.01597 0.4 1.2 
-999
8.25 9.5 1.25 8.75 0.8 0.8 
-999
9.5 9.1 2.5318 7.51066 1.2 0.4 
-18.695
8.25 9.1 1.31244 8.75914 1.2 0.4 
-21.78
9.5 9.5 2.5 7.5 0.8 0.8 
-1000
12 9.9 5.01597 5.01597 0.4 1.2 
-1000
7 9.9 0.4 10.008 0.4 1.2 
-1000
8.25 9.23333 1.27813 8.75406 1.06667 0.533334 
-1000
8.25 9.76667 1.27813 8.75406 0.533334 1.06667 
-999
9.5 9.36667 2.50355 7.50118 0.933333 0.666667 
-1000
7 9.1 0.4 10.008 1.2 0.4 
-24.622
7 9.5 0 10 0.8 0.8 
-1000
9.5 9.76667 2.51418 7.50474 0.533334 1.06667 
-1000
12 9.1 5.01597 5.01597 1.2 0.4 
-14.239
12 9.5 5 5 0.8 0.8 
-999
8.25 9.63333 1.25709 8.75102 0.666667 0.933333 
-999
12 9.76667 5.00711 5.00711 0.533334 1.06667 
-999
12 9.76667 5.00711 5.00711 0.533334 1.06667 
-999
10.75 9.76667 3.75947 6.25569 0.533334 1.06667 
-1000
10.75 9.76667 3.75947 6.25569 0.533334 1.06667 
-1000
12 9.36667 5.00178 5.00178 0.933333 0.666667 
-1000
8.25 10 1.34629 8.76427 0.3 1.3 
-21.466
9.5 9.9 2.5318 7.51066 0.4 1.2 
-18.925
9.5 10 2.54951 7.51665 0.3 1.3 
-19.521
12 9.63333 5.00178 5.00178 0.666667 0.933333 
-999
8.25 9.1 1.31244 8.75914 1.2 0.4 
-20.439
10.75 9.36667 3.75237 6.25142 0.933333 0.666667 
-1000
10.75 9.76667 3.75947 6.25569 0.533334 1.06667 
-1000
10.75 9.23333 3.75947 6.25569 1.06667 0.533334 
-1000
7 9.36667 0.133333 10.0009 0.933333 0.666667 
-1000
8.25 9.23333 1.27813 8.75406 1.06667 0.533334 
-1000
9.5 9.5 2.5 7.5 0.8 0.8 
-1000
8.25 9.76667 1.27813 8.75406 0.533334 1.06667 
-999
10.75 9.23333 3.75947 6.25569 1.06667 0.533334 
-1000
9.5 9.36667 2.50355 7.50118 0.933333 0.666667 
-1000
10.75 9.23333 3.75947 6.25569 1.06667 0.533334 
-1000
8.25 9.23333 1.27813 8.75406 1.06667 0.533334 
-20.858
9.5 9.1 2.5318 7.51066 1.2 0.4 
-17.455
10.75 9.23333 3.75947 6.25569 1.06667 0.533334 
-1000
8.25 9.76667 1.27813 8.75406 0.533334 1.06667 
-999
10.75 9.23333 3.75947 6.25569 1.06667 0.533334 
-1000
10.75 9.36667 3.75237 6.25142 0.933333 0.666667 
-1000
8.25 9.1 1.31244 8.75914 1.2 0.4 
-21.16
7 9.36667 0.133333 10.0009 0.933333 0.666667 
-1000
7 9.5 0 10 0.8 0.8 
-1000
12 10 5.02494 5.02494 0.3 1.3 
-999
7 9.76667 0.266666 10.0036 0.533334 1.06667 
-1000
8.25 10 1.34629 8.76427 0.3 1.3 
-1000
10.75 9.5 3.75 6.25 0.8 0.8 
-1000
12 9.63333 5.00178 5.00178 0.666667 0.933333 
-999
9.5 9.1 2.5318 7.51066 1.2 0.4 
-19.195
9.5 9.1 2.5318 7.51066 1.2 0.4 
-30.256
12 9.1 5.01597 5.01597 1.2 0.4 
-25.917
7 10 0.5 10.0125 0.3 1.3 
-25.846
8.25 9.63333 1.25709 8.75102 0.666667 0.933333 
-999
8.25 9.76667 1.27813 8.75406 0.533334 1.06667 
-999
12 9.9 5.01597 5.01597 0.4 1.2 
-999
12 9.9 5.01597 5.01597 0.4 1.2 
-999
12 9.36667 5.00178 5.00178 0.933333 0.666667 
-1000
9.5 9.36667 2.50355 7.50118 0.933333 0.666667 
-1000
12 9.1 5.01597 5.01597 1.2 0.4 
-999
10.75 10 3.78319 6.26997 0.3 1.3 
-1000
10.75 9.63333 3.75237 6.25142 0.666667 0.933333 
-999
12 9.76667 5.00711 5.00711 0.533334 1.06667 
-999
8.25 9.76667 1.27813 8.75406 0.533334 1.06667 
-999
7 9.23333 0.266666 10.0036 1.06667 0.533334 
-1000
9.5 9.23333 2.51418 7.50474 1.06667 0.533334 
-1000
10.75 9.1 3.77127 6.26279 1.2 0.4 
-14.899
9.5 9.23333 2.51418 7.50474 1.06667 0.533334 
-997
9.5 10 2.54951 7.51665 0.3 1.3 
-22.38
12 9.76667 5.00711 5.00711 0.533334 1.06667 
-999
10.75 10 3.78319 6.26997 0.3 1.3 
-1000
8.25 9.76667 1.27813 8.75406 0.533334 1.06667 
-999
7 9.23333 0.266666 10.0036 1.06667 0.533334 
-1000
12 9.63333 5.00178 5.00178 0.666667 0.933333 
-999
9.5 9.23333 2.51418 7.50474 1.06667 0.533334 
-1000
12 9.63333 5.00178 5.00178 0.666667 0.933333 
-999
9.5 10 2.54951 7.51665 0.3 1.3 
-1000
7 9.63333 0.133333 10.0009 0.666667 0.933333 
-1000
9.5 9.36667 2.50355 7.50118 0.933333 0.666667 
-1000
12 9.23333 5.00711 5.00711 1.06667 0.533334 
-13.68
9.5 9.63333 2.50355 7.50118 0.666667 0.933333 
-999
12 9.5 5 5 0.8 0.8 
-999
8.25 9.5 1.25 8.75 0.8 0.8 
-999
8.25 9.9 1.31244 8.75914 0.4 1.2 
-21.271
12 9.9 5.01597 5.01597 0.4 1.2 
-999
9.5 9.1 2.5318 7.51066 1.2 0.4 
-17.041
12 10 5.02494 5.02494 0.3 1.3 
-999
10.75 9.1 3.77127 6.26279 1.2 0.4 
-14.339
7 9.76667 0.266666 10.0036 0.533334 1.06667 
-1000
8.25 9.23333 1.27813 8.75406 1.06667 0.533334 
-1000
8.25 9.36667 1.25709 8.75102 0.933333 0.666667 
-1000
7 9.5 0 10 0.8 0.8 
-1000
12 9.76667 5.00711 5.00711 0.533334 1.06667 
-999
12 9.9 5.01597 5.01597 0.4 1.2 
-1000
8.25 9.23333 1.27813 8.75406 1.06667 0.533334 
-1000
7 10 0.5 10.0125 0.3 1.3 
-25.373
8.25 9.36667 1.25709 8.75102 0.933333 0.666667 
-1000
10.75 9.1 3.77127 6.26279 1.2 0.4 
-15.383
7 9.36667 0.133333 10.0009 0.933333 0.666667 
-997
12 10 5.02494 5.02494 0.3 1.3 
-999
7 9.9 0.4 10.008 0.4 1.2 
-1000
12 9.63333 5.00178 5.00178 0.666667 0.933333 
-999
8.25 9.63333 1.25709 8.75102 0.666667 0.933333 
-999
8.25 9.1 1.31244 8.75914 1.2 0.4 
-1000
10.75 9.5 3.75 6.25 0.8 0.8 
-1000
9.5 9.76667 2.51418 7.50474 0.533334 1.06667 
-999
12 9.5 5 5 0.8 0.8 
-999
9.5 9.1 2.5318 7.51066 1.2 0.4 
-1000
10.75 9.36667 3.75237 6.25142 0.933333 0.666667 
-1000
7 9.1 0.4 10.008 1.2 0.4 
-28.308
7 10 0.5 10.0125 0.3 1.3 
-1000
7 9.23333 0.266666 10.0036 1.06667 0.533334 
-27.07
10.75 9.36667 3.75237 6.25142 0.933333 0.666667 
-1000
7 9.76667 0.266666 10.0036 0.533334 1.06667 
-1000
8.25 9.1 1.31244 8.75914 1.2 0.4 
-20.746
9.5 9.5 2.5 7.5 0.8 0.8 
-1000
8.25 9.76667 1.27813 8.75406 0.533334 1.06667 
-999
10.75 10 3.78319 6.26997 0.3 1.3 
-1000
12 9.36667 5.00178 5.00178 0.933333 0.666667 
-1000
9.5 9.5 2.5 7.5 0.8 0.8 
-1000
7 9.9 0.4 10.008 0.4 1.2 
-1000
12 9.63333 5.00178 5.00178 0.666667 0.933333 
-999
8.25 9.76667 1.27813 8.75406 0.533334 1.06667 
-999
7 9.1 0.4 10.008 1.2 0.4 
-24.93
10.75 9.76667 3.75947 6.25569 0.533334 1.06667 
-1000
9.5 9.9 2.5318 7.51066 0.4 1.2 
-17.633
10.75 9.9 3.77127 6.26279 0.4 1.2 
-1000
12 9.1 5.01597 5.01597 1.2 0.4 
-999
7 9.23333 0.266666 10.0036 1.06667 0.533334 
-1000
10.75 9.1 3.77127 6.26279 1.2 0.4 
-14.216
10.75 9.9 3.77127 6.26279 0.4 1.2 
-19.067
8.25 9.23333 1.27813 8.75406 1.06667 0.533334 
-20.611
9.5 9.1 2.5318 7.51066 1.2 0.4 
-17.075
12 9.36667 5.00178 5.00178 0.933333 0.666667 
-1000
8.25 9.1 1.31244 8.75914 1.2 0.4 
-19.891
10.75 10 3.78319 6.26997 0.3 1.3 
-18.031
8.25 9.36667 1.25709 8.75102 0.933333 0.666667 
-1000
12 9.5 5 5 0.8 0.8 
-999
7 9.63333 0.133333 10.0009 0.666667 0.933333 
-1000
12 9.63333 5.00178 5.00178 0.666667 0.933333 
-999
12 9.5 5 5 0.8 0.8 
-999
7 9.1 0.4 10.008 1.2 0.4 
-27.605
10.75 9.76667 3.75947 6.25569 0.533334 1.06667 
-1000
7 9.9 0.4 10.008 0.4 1.2 
-1000
9.5 10 2.54951 7.51665 0.3 1.3 
-1000
10.75 9.63333 3.75237 6.25142 0.666667 0.933333 
-999
9.5 9.23333 2.51418 7.50474 1.06667 0.533334 
-1000
8.25 9.36667 1.25709 8.75102 0.933333 0.666667 
-1000
10.75 9.36667 3.75237 6.25142 0.933333 0.666667 
-1000
7 9.9 0.4 10.008 0.4 1.2 
-1000
10.75 9.76667 3.75947 6.25569 0.533334 1.06667 
-18.45
10.75 9.23333 3.75947 6.25569 1.06667 0.533334 
-1000
12 9.36667 5.00178 5.00178 0.933333 0.666667 
-1000
12 10 5.02494 5.02494 0.3 1.3 
-999
9.5 9.1 2.5318 7.51066 1.2 0.4 
-17.506
9.5 9.36667 2.50355 7.50118 0.933333 0.666667 
-1000
8.25 9.63333 1.25709 8.75102 0.666667 0.933333 
-999
7 9.23333 0.266666 10.0036 1.06667 0.533334 
-30.059
7 9.63333 0.133333 10.0009 0.666667 0.933333 
-1000
7 9.76667 0.266666 10.0036 0.533334 1.06667 
-1000
10.75 9.23333 3.75947 6.25569 1.06667 0.533334 
-1000
10.75 9.36667 3.75237 6.25142 0.933333 0.666667 
-1000
7 9.76667 0.266666 10.0036 0.533334 1.06667 
-1000
12 9.1 5.01597 5.01597 1.2 0.4 
-1000
9.5 9.1 2.5318 7.51066 1.2 0.4 
-16.992
8.25 9.76667 1.27813 8.75406 0.533334 1.06667 
-999
9.5 9.76667 2.51418 7.50474 0.533334 1.06667 
-1000
10.75 9.36667 3.75237 6.25142 0.933333 0.666667 
-1000
7 10 0.5 10.0125 0.3 1.3 
-1000
10.75 9.36667 3.75237 6.25142 0.933333 0.666667 
-1000
8.25 9.23333 1.27813 8.75406 1.06667 0.533334 
-1000
9.5 9.63333 2.50355 7.50118 0.666667 0.933333 
-999
9.5 9.23333 2.51418 7.50474 1.06667 0.533334 
-1000
10.75 9.76667 3.75947 6.25569 0.533334 1.06667 
-1000
10.75 9.5 3.75 6.25 0.8 0.8 
-1000
8.25 9.9 1.31244 8.75914 0.4 1.2 
-20.491
8.25 9.63333 1.25709 8.75102 0.666667 0.933333 
-999
12 9.63333 5.00178 5.00178 0.666667 0.933333 
-999
9.5 9.1 2.5318 7.51066 1.2 0.4 
-17.108
10.75 9.76667 3.75947 6.25569 0.533334 1.06667 
-1000
10.75 10 3.78319 6.26997 0.3 1.3 
-1000
12 9.76667 5.00711 5.00711 0.533334 1.06667 
-999
8.25 9.23333 1.27813 8.75406 1.06667 0.533334 
-1000
9.5 9.9 2.5318 7.51066 0.4 1.2 
-1000
10.75 9.5 3.75 6.25 0.8 0.8 
-1000
10.75 9.23333 3.75947 6.25569 1.06667 0.533334 
-1000
8.25 10 1.34629 8.76427 0.3 1.3 
-20.914
7 10 0.5 10.0125 0.3 1.3 
-1000
9.5 9.23333 2.51418 7.50474 1.06667 0.533334 
-1000
12 9.76667 5.00711 5.00711 0.533334 1.06667 
-999
7 9.1 0.4 10.008 1.2 0.4 
-1000
12 9.36667 5.00178 5.00178 0.933333 0.666667 
-1000
8.25 9.23333 1.27813 8.75406 1.06667 0.533334 
-1000
7 9.76667 0.266666 10.0036 0.533334 1.06667 
-1000
9.5 9.63333 2.50355 7.50118 0.666667 0.933333 
-999
10.75 9.23333 3.75947 6.25569 1.06667 0.533334 
-1000
8.25 9.5 1.25 8.75 0.8 0.8 
-999
9.5 10 2.54951 7.51665 0.3 1.3 
-21.656
10.75 10 3.78319 6.26997 0.3 1.3 
-20.005
9.5 10 2.54951 7.51665 0.3 1.3 
-22.423
10.75 9.1 3.77127 6.26279 1.2 0.4 
-15.057
10.75 10 3.78319 6.26997 0.3 1.3 
-1000
9.5 9.36667 2.50355 7.50118 0.933333 0.666667 
-1000
8.25 10 1.34629 8.76427 0.3 1.3 
-21.468
10.75 9.5 3.75 6.25 0.8 0.8 
-1000
12 9.63333 5.00178 5.00178 0.666667 0.933333 
-999
7 9.23333 0.266666 10.0036 1.06667 0.533334 
-1000
10.75 9.9 3.77127 6.26279 0.4 1.2 
-1000
10.75 9.5 3.75 6.25 0.8 0.8 
-1000
9.5 9.36667 2.50355 7.50118 0.933333 0.666667 
-1000
7 9.76667 0.266666 10.0036 0.533334 1.06667 
-1000
9.5 9.1 2.5318 7.51066 1.2 0.4 
-17.405
8.25 9.36667 1.25709 8.75102 0.933333 0.666667 
-997
9.5 9.1 2.5318 7.51066 1.2 0.4 
-17.419
12 9.9 5.01597 5.01597 0.4 1.2 
-1000
12 9.76667 5.00711 5.00711 0.533334 1.06667 
-999
12 9.1 5.01597 5.01597 1.2 0.4 
-1000
12 9.5 5 5 0.8 0.8 
-1000
9.5 9.9 2.5318 7.51066 0.4 1.2 
-17.033
7 9.63333 0.133333 10.0009 0.666667 0.933333 
-1000
9.5 9.36667 2.50355 7.50118 0.933333 0.666667 
-1000
8.25 9.9 1.31244 8.75914 0.4 1.2 
-1000
12 9.9 5.01597 5.01597 0.4 1.2 
-1000
10.75 9.5 3.75 6.25 0.8 0.8 
-1000
8.25 9.5 1.25 8.75 0.8 0.8 
-1000
7 9.63333 0.133333 10.0009 0.666667 0.933333 
-1000
12 10 5.02494 5.02494 0.3 1.3 
-999
8.25 9.76667 1.27813 8.75406 0.533334 1.06667 
-999
7 9.36667 0.133333 10.0009 0.933333 0.666667 
-1000
12 9.23333 5.00711 5.00711 1.06667 0.533334 
-12.334
8.25 9.5 1.25 8.75 0.8 0.8 
-999
9.5 9.23333 2.51418 7.50474 1.06667 0.533334 
-1000
10.75 9.9 3.77127 6.26279 0.4 1.2 
-1000
10.75 9.76667 3.75947 6.25569 0.533334 1.06667 
-1000
7 9.5 0 10 0.8 0.8 
-1000
7 9.5 0 10 0.8 0.8 
-1000
8.25 9.5 1.25 8.75 0.8 0.8 
-1000
7 9.76667 0.266666 10.0036 0.533334 1.06667 
-1000
10.75 9.23333 3.75947 6.25569 1.06667 0.533334 
-14.697
7 10 0.5 10.0125 0.3 1.3 
-1000
8.25 9.9 1.31244 8.75914 0.4 1.2 
-20.376
10.75 9.9 3.77127 6.26279 0.4 1.2 
-999
8.25 9.36667 1.25709 8.75102 0.933333 0.666667 
-1000
9.5 9.1 2.5318 7.51066 1.2 0.4 
-17.49
7 9.23333 0.266666 10.0036 1.06667 0.533334 
-37.851
7 9.63333 0.133333 10.0009 0.666667 0.933333 
-1000
8.25 9.1 1.31244 8.75914 1.2 0.4 
-20.451
12 9.36667 5.00178 5.00178 0.933333 0.666667 
-1000
10.75 9.9 3.77127 6.26279 0.4 1.2 
-1000
9.5 9.76667 2.51418 7.50474 0.533334 1.06667 
-1000
10.75 9.76667 3.75947 6.25569 0.533334 1.06667 
-1000
7 10 0.5 10.0125 0.3 1.3 
-1000
12 9.63333 5.00178 5.00178 0.666667 0.933333 
-999
8.25 9.76667 1.27813 8.75406 0.533334 1.06667 
-1000
8.25 9.63333 1.25709 8.75102 0.666667 0.933333 
-999
7 9.5 0 10 0.8 0.8 
-1000
9.5 9.36667 2.50355 7.50118 0.933333 0.666667 
-1000
8.25 9.5 1.25 8.75 0.8 0.8 
-999
8.25 9.1 1.31244 8.75914 1.2 0.4 
-20.202
8.25 9.5 1.25 8.75 0.8 0.8 
-999
12 9.5 5 5 0.8 0.8 
-999
9.5 9.5 2.5 7.5 0.8 0.8 
-1000
10.75 9.63333 3.75237 6.25142 0.666667 0.933333 
-999
9.5 9.63333 2.50355 7.50118 0.666667 0.933333 
-999
7 10 0.5 10.0125 0.3 1.3 
-23.984
12 9.23333 5.00711 5.00711 1.06667 0.533334 
-1000
8.25 9.9 1.31244 8.75914 0.4 1.2 
-1000
7 9.9 0.4 10.008 0.4 1.2 
-1000
10.75 9.76667 3.75947 6.25569 0.533334 1.06667 
-1000
7 10 0.5 10.0125 0.3 1.3 
-24.485
7 9.23333 0.266666 10.0036 1.06667 0.533334 
-1000
12 10 5.02494 5.02494 0.3 1.3 
-999
10.75 9.36667 3.75237 6.25142 0.933333 0.666667 
-1000
7 9.36667 0.133333 10.0009 0.933333 0.666667 
-1000
8.25 9.9 1.31244 8.75914 0.4 1.2 
-1000
10.75 9.5 3.75 6.25 0.8 0.8 
-1000
7 9.9 0.4 10.008 0.4 1.2 
-1000
8.25 9.76667 1.27813 8.75406 0.533334 1.06667 
-1000
7 9.9 0.4 10.008 0.4 1.2 
-1000
10.75 9.63333 3.75237 6.25142 0.666667 0.933333 
-999
12 9.5 5 5 0.8 0.8 
-999
10.75 9.5 3.75 6.25 0.8 0.8 
-1000
9.5 9.9 2.5318 7.51066 0.4 1.2 
-17.31
9.5 9.36667 2.50355 7.50118 0.933333 0.666667 
-1000
8.25 10 1.34629 8.76427 0.3 1.3 
-21.186
12 9.63333 5.00178 5.00178 0.666667 0.933333 
-999
8.25 9.63333 1.25709 8.75102 0.666667 0.933333 
-999
7 9.76667 0.266666 10.0036 0.533334 1.06667 
-1000
12 9.9 5.01597 5.01597 0.4 1.2 
-999
9.5 9.63333 2.50355 7.50118 0.666667 0.933333 
-999
9.5 9.23333 2.51418 7.50474 1.06667 0.533334 
-1000
10.75 9.76667 3.75947 6.25569 0.533334 1.06667 
-999
12 9.1 5.01597 5.01597 1.2 0.4 
-1000
7 9.23333 0.266666 10.0036 1.06667 0.533334 
-1000
8.25 10 1.34629 8.76427 0.3 1.3 
-21.793
10.75 9.36667 3.75237 6.25142 0.933333 0.666667 
-1000
12 9.36667 5.00178 5.00178 0.933333 0.666667 
-1000
8.25 9.5 1.25 8.75 0.8 0.8 
-1000
10.75 9.1 3.77127 6.26279 1.2 0.4 
-14.95
8.25 9.23333 1.27813 8.75406 1.06667 0.533334 
-20.765
7 9.76667 0.266666 10.0036 0.533334 1.06667 
-30.544
10.75 9.23333 3.75947 6.25569 1.06667 0.533334 
-1000
8.25 9.1 1.31244 8.75914 1.2 0.4 
-20.811
12 9.1 5.01597 5.01597 1.2 0.4 
-1000
9.5 9.5 2.5 7.5 0.8 0.8 
-1000
8.25 9.76667 1.27813 8.75406 0.533334 1.06667 
-999
7 9.76667 0.266666 10.0036 0.533334 1.06667 
-1000
10.75 9.36667 3.75237 6.25142 0.933333 0.666667 
-1000
10.75 9.5 3.75 6.25 0.8 0.8 
-1000
7 9.5 0 10 0.8 0.8 
-1000
7 9.23333 0.266666 10.0036 1.06667 0.533334 
-1000
8.25 9.1 1.31244 8.75914 1.2 0.4 
-20.283
12 9.1 5.01597 5.01597 1.2 0.4 
-14.649
10.75 9.1 3.77127 6.26279 1.2 0.4 
-14.106
9.5 9.23333 2.51418 7.50474 1.06667 0.533334 
-1000
9.5 9.36667 2.50355 7.50118 0.933333 0.666667 
-1000
7 9.76667 0.266666 10.0036 0.533334 1.06667 
-1000
9.5 9.63333 2.50355 7.50118 0.666667 0.933333 
-999
10.75 9.1 3.77127 6.26279 1.2 0.4 
-14.755
7 9.1 0.4 10.008 1.2 0.4 
-1000
9.5 10 2.54951 7.51665 0.3 1.3 
-1000
9.5 10 2.54951 7.51665 0.3 1.3 
-19.822
9.5 9.63333 2.50355 7.50118 0.666667 0.933333 
-999
9.5 9.5 2.5 7.5 0.8 0.8 
-1000
12 9.36667 5.00178 5.00178 0.933333 0.666667 
-1000
9.5 9.1 2.5318 7.51066 1.2 0.4 
-1000
7 9.1 0.4 10.008 1.2 0.4 
-1000
8.25 9.76667 1.27813 8.75406 0.533334 1.06667 
-999
10.75 9.5 3.75 6.25 0.8 0.8 
-1000
10.75 9.23333 3.75947 6.25569 1.06667 0.533334 
-1000
9.5 9.9 2.5318 7.51066 0.4 1.2 
-1000
10.75 9.23333 3.75947 6.25569 1.06667 0.533334 
-1000
8.25 10 1.34629 8.76427 0.3 1.3 
-21.106
10.75 9.9 3.77127 6.26279 0.4 1.2 
-18.849
8.25 9.5 1.25 8.75 0.8 0.8 
-999
7 9.76667 0.266666 10.0036 0.533334 1.06667 
-1000
12 9.5 5 5 0.8 0.8 
-999
8.25 9.1 1.31244 8.75914 1.2 0.4 
-21.003
12 9.23333 5.00711 5.00711 1.06667 0.533334 
-17.087
8.25 9.1 1.31244 8.75914 1.2 0.4 
-20.205
7 9.5 0 10 0.8 0.8 
-1000
10.75 9.23333 3.75947 6.25569 1.06667 0.533334 
-1000
9.5 9.1 2.5318 7.51066 1.2 0.4 
-17.16
12 9.5 5 5 0.8 0.8 
-1000
7 9.5 0 10 0.8 0.8 
-1000
10.75 9.23333 3.75947 6.25569 1.06667 0.533334 
-1000
12 10 5.02494 5.02494 0.3 1.3 
-999
8.25 9.36667 1.25709 8.75102 0.933333 0.666667 
-1000
7 9.1 0.4 10.008 1.2 0.4 
-24.663
10.75 9.1 3.77127 6.26279 1.2 0.4 
-15.077
7 9.23333 0.266666 10.0036 1.06667 0.533334 
-997
12 9.23333 5.00711 5.00711 1.06667 0.533334 
-999
8.25 9.5 1.25 8.75 0.8 0.8 
-999
9.5 9.76667 2.51418 7.50474 0.533334 1.06667 
-1000
7 9.9 0.4 10.008 0.4 1.2 
-24.03
7 9.1 0.4 10.008 1.2 0.4 
-25.397
12 9.76667 5.00711 5.00711 0.533334 1.06667 
-999
12 10 5.02494 5.02494 0.3 1.3 
-999
7 9.63333 0.133333 10.0009 0.666667 0.933333 
-1000
8.25 9.5 1.25 8.75 0.8 0.8 
-1000
8.25 9.9 1.31244 8.75914 0.4 1.2 
-21.109
10.75 9.5 3.75 6.25 0.8 0.8 
-1000
12 9.63333 5.00178 5.00178 0.666667 0.933333 
-1000
7 9.23333 0.266666 10.0036 1.06667 0.533334 
-26.357
7 9.5 0 10 0.8 0.8 
-1000
12 9.9 5.01597 5.01597 0.4 1.2 
-1000
8.25 9.1 1.31244 8.75914 1.2 0.4 
-19.929
12 9.9 5.01597 5.01597 0.4 1.2 
-999
12 9.9 5.01597 5.01597 0.4 1.2 
-999
12 9.1 5.01597 5.01597 1.2 0.4 
-1000
7 9.23333 0.266666 10.0036 1.06667 0.533334 
-1000
9.5 10 2.54951 7.51665 0.3 1.3 
-24.179
8.25 9.5 1.25 8.75 0.8 0.8 
-1000
8.25 9.1 1.31244 8.75914 1.2 0.4 
-1000
9.5 9.9 2.5318 7.51066 0.4 1.2 
-17.249
8.25 9.9 1.31244 8.75914 0.4 1.2 
-1000
12 9.23333 5.00711 5.00711 1.06667 0.533334 
-1000
9.5 9.76667 2.51418 7.50474 0.533334 1.06667 
-1000
9.5 9.1 2.5318 7.51066 1.2 0.4 
-17.089
12 9.36667 5.00178 5.00178 0.933333 0.666667 
-1000
7 9.1 0.4 10.008 1.2 0.4 
-24.691
8.25 9.1 1.31244 8.75914 1.2 0.4 
-19.833
9.5 9.76667 2.51418 7.50474 0.533334 1.06667 
-1000
7 9.36667 0.133333 10.0009 0.933333 0.666667 
-1000
9.5 9.63333 2.50355 7.50118 0.666667 0.933333 
-999
9.5 9.63333 2.50355 7.50118 0.666667 0.933333 
-999
12 9.9 5.01597 5.01597 0.4 1.2 
-999
8.25 9.76667 1.27813 8.75406 0.533334 1.06667 
-999
9.5 9.5 2.5 7.5 0.8 0.8 
-1000
10.75 10 3.78319 6.26997 0.3 1.3 
-1000
9.5 9.1 2.5318 7.51066 1.2 0.4 
-17.178
12 9.36667 5.00178 5.00178 0.933333 0.666667 
-1000
10.75 9.23333 3.75947 6.25569 1.06667 0.533334 
-1000
7 9.9 0.4 10.008 0.4 1.2 
-1000
12 9.5 5 5 0.8 0.8 
-1000
9.5 9.5 2.5 7.5 0.8 0.8 
-1000
12 9.63333 5.00178 5.00178 0.666667 0.933333 
-999
10.75 10 3.78319 6.26997 0.3 1.3 
-1000
8.25 9.63333 1.25709 8.75102 0.666667 0.933333 
-999
10.75 9.76667 3.75947 6.25569 0.533334 1.06667 
-1000
10.75 9.76667 3.75947 6.25569 0.533334 1.06667 
-1000
7 9.63333 0.133333 10.0009 0.666667 0.933333 
-1000
10.75 9.36667 3.75237 6.25142 0.933333 0.666667 
-1000
8.25 10 1.34629 8.76427 0.3 1.3 
-21.929
8.25 9.76667 1.27813 8.75406 0.533334 1.06667 
-999
7 9.5 0 10 0.8 0.8 
-1000
7 9.36667 0.133333 10.0009 0.933333 0.666667 
-1000
7 9.23333 0.266666 10.0036 1.06667 0.533334 
-1000
9.5 9.23333 2.51418 7.50474 1.06667 0.533334 
-1000
8.25 9.23333 1.27813 8.75406 1.06667 0.533334 
-1000
10.75 9.36667 3.75237 6.25142 0.933333 0.666667 
-1000
8.25 9.1 1.31244 8.75914 1.2 0.4 
-21.311
9.5 9.36667 2.50355 7.50118 0.933333 0.666667 
-1000
7 10 0.5 10.0125 0.3 1.3 
-1000
8.25 9.5 1.25 8.75 0.8 0.8 
-1000
12 9.9 5.01597 5.01597 0.4 1.2 
-999
8.25 9.9 1.31244 8.75914 0.4 1.2 
-20.365
7 9.63333 0.133333 10.0009 0.666667 0.933333 
-1000
10.75 10 3.78319 6.26997 0.3 1.3 
-1000
10.75 9.23333 3.75947 6.25569 1.06667 0.533334 
-1000
7 10 0.5 10.0125 0.3 1.3 
-1000
7 9.63333 0.133333 10.0009 0.666667 0.933333 
-1000
8.25 9.76667 1.27813 8.75406 0.533334 1.06667 
-1000
9.5 9.5 2.5 7.5 0.8 0.8 
-1000
7 9.36667 0.133333 10.0009 0.933333 0.666667 
-1000
7 10 0.5 10.0125 0.3 1.3 
-1000
7 10 0.5 10.0125 0.3 1.3 
-1000
7 10 0.5 10.0125 0.3 1.3 
-23.722
12 9.9 5.01597 5.01597 0.4 1.2 
-999
10.75 10 3.78319 6.26997 0.3 1.3 
-13.966
8.25 9.9 1.31244 8.75914 0.4 1.2 
-33.297
8.25 9.76667 1.27813 8.75406 0.533334 1.06667 
-999
7 9.5 0 10 0.8 0.8 
-1000
12 9.23333 5.00711 5.00711 1.06667 0.533334 
-999
7 9.23333 0.266666 10.0036 1.06667 0.533334 
-31.951
9.5 9.23333 2.51418 7.50474 1.06667 0.533334 
-17.515
10.75 9.5 3.75 6.25 0.8 0.8 
-1000
7 10 0.5 10.0125 0.3 1.3 
-1000
8.25 9.23333 1.27813 8.75406 1.06667 0.533334 
-1000
12 10 5.02494 5.02494 0.3 1.3 
-999
7 10 0.5 10.0125 0.3 1.3 
-1000
10.75 9.5 3.75 6.25 0.8 0.8 
-1000
8.25 9.1 1.31244 8.75914 1.2 0.4 
-19.891
8.25 9.63333 1.25709 8.75102 0.666667 0.933333 
-999
8.25 9.63333 1.25709 8.75102 0.666667 0.933333 
-999
8.25 9.36667 1.25709 8.75102 0.933333 0.666667 
-1000
10.75 10 3.78319 6.26997 0.3 1.3 
-1000
9.5 9.36667 2.50355 7.50118 0.933333 0.666667 
-1000
7 9.76667 0.266666 10.0036 0.533334 1.06667 
-1000
12 9.1 5.01597 5.01597 1.2 0.4 
-1000
10.75 10 3.78319 6.26997 0.3 1.3 
-1000
7 9.1 0.4 10.008 1.2 0.4 
-28.005
10.75 9.63333 3.75237 6.25142 0.666667 0.933333 
-999
7 9.36667 0.133333 10.0009 0.933333 0.666667 
-1000
8.25 9.5 1.25 8.75 0.8 0.8 
-1000
10.75 9.9 3.77127 6.26279 0.4 1.2 
-1000
9.5 10 2.54951 7.51665 0.3 1.3 
-17.775
7 9.76667 0.266666 10.0036 0.533334 1.06667 
-1000
10.75 9.23333 3.75947 6.25569 1.06667 0.533334 
-1000
10.75 9.36667 3.75237 6.25142 0.933333 0.666667 
-1000
7 10 0.5 10.0125 0.3 1.3 
-23.95
12 9.1 5.01597 5.01597 1.2 0.4 
-1000
12 9.1 5.01597 5.01597 1.2 0.4 
-14.173
10.75 10 3.78319 6.26997 0.3 1.3 
-1000
9.5 9.5 2.5 7.5 0.8 0.8 
-1000
10.75 9.1 3.77127 6.26279 1.2 0.4 
-14.601
7 9.76667 0.266666 10.0036 0.533334 1.06667 
-997
7 9.23333 0.266666 10.0036 1.06667 0.533334 
-1000
9.5 9.36667 2.50355 7.50118 0.933333 0.666667 
-1000
7 9.9 0.4 10.008 0.4 1.2 
-1000
12 9.76667 5.00711 5.00711 0.533334 1.06667 
-999
8.25 9.63333 1.25709 8.75102 0.666667 0.933333 
-999
10.75 9.23333 3.75947 6.25569 1.06667 0.533334 
-14.424
7 9.1 0.4 10.008 1.2 0.4 
-25.7
9.5 9.23333 2.51418 7.50474 1.06667 0.533334 
-1000
12 9.76667 5.00711 5.00711 0.533334 1.06667 
-999
8.25 9.36667 1.25709 8.75102 0.933333 0.666667 
-1000
7 9.76667 0.266666 10.0036 0.533334 1.06667 
-1000
8.25 9.36667 1.25709 8.75102 0.933333 0.666667 
-1000
9.5 9.1 2.5318 7.51066 1.2 0.4 
-16.942
10.75 9.63333 3.75237 6.25142 0.666667 0.933333 
-999
12 10 5.02494 5.02494 0.3 1.3 
-999
8.25 9.1 1.31244 8.75914 1.2 0.4 
-20.273
8.25 9.5 1.25 8.75 0.8 0.8 
-1000
7 9.23333 0.266666 10.0036 1.06667 0.533334 
-1000
9.5 9.5 2.5 7.5 0.8 0.8 
-1000
10.75 10 3.78319 6.26997 0.3 1.3 
-20.106
12 9.36667 5.00178 5.00178 0.933333 0.666667 
-1000
10.75 9.23333 3.75947 6.25569 1.06667 0.533334 
-1000
8.25 9.76667 1.27813 8.75406 0.533334 1.06667 
-999
9.5 9.1 2.5318 7.51066 1.2 0.4 
-16.671
8.25 9.36667 1.25709 8.75102 0.933333 0.666667 
-1000
7 9.1 0.4 10.008 1.2 0.4 
-24.762
7 9.36667 0.133333 10.0009 0.933333 0.666667 
-1000
7 9.1 0.4 10.008 1.2 0.4 
-1000
8.25 9.36667 1.25709 8.75102 0.933333 0.666667 
-1000
10.75 9.36667 3.75237 6.25142 0.933333 0.666667 
-1000
7 9.76667 0.266666 10.0036 0.533334 1.06667 
-31.225
8.25 9.63333 1.25709 8.75102 0.666667 0.933333 
-999
12 9.5 5 5 0.8 0.8 
-1000
7 9.5 0 10 0.8 0.8 
-1000
8.25 10 1.34629 8.76427 0.3 1.3 
-20.652
7 9.36667 0.133333 10.0009 0.933333 0.666667 
-1000
10.75 9.63333 3.75237 6.25142 0.666667 0.933333 
-999
8.25 10 1.34629 8.76427 0.3 1.3 
-21.054
8.25 9.36667 1.25709 8.75102 0.933333 0.666667 
-21.077
8.25 9.5 1.25 8.75 0.8 0.8 
-999
9.5 10 2.54951 7.51665 0.3 1.3 
-20.672
9.5 9.1 2.5318 7.51066 1.2 0.4 
-17.203
9.5 9.76667 2.51418 7.50474 0.533334 1.06667 
-1000
7 9.5 0 10 0.8 0.8 
-1000
12 9.63333 5.00178 5.00178 0.666667 0.933333 
-999
8.25 9.5 1.25 8.75 0.8 0.8 
-1000
8.25 9.5 1.25 8.75 0.8 0.8 
-999
7 9.36667 0.133333 10.0009 0.933333 0.666667 
-1000
8.25 9.63333 1.25709 8.75102 0.666667 0.933333 
-999
10.75 9.9 3.77127 6.26279 0.4 1.2 
-1000
12 9.63333 5.00178 5.00178 0.666667 0.933333 
-999
7 9.36667 0.133333 10.0009 0.933333 0.666667 
-1000
7 9.23333 0.266666 10.0036 1.06667 0.533334 
-26.976
7 9.76667 0.266666 10.0036 0.533334 1.06667 
-1000
8.25 9.23333 1.27813 8.75406 1.06667 0.533334 
-1000
8.25 9.63333 1.25709 8.75102 0.666667 0.933333 
-999
9.5 10 2.54951 7.51665 0.3 1.3 
-19.536
7 9.36667 0.133333 10.0009 0.933333 0.666667 
-1000
8.25 9.63333 1.25709 8.75102 0.666667 0.933333 
-999
8.25 9.1 1.31244 8.75914 1.2 0.4 
-20.108
9.5 9.5 2.5 7.5 0.8 0.8 
-1000
8.25 9.23333 1.27813 8.75406 1.06667 0.533334 
-1000
8.25 9.5 1.25 8.75 0.8 0.8 
-1000
8.25 9.23333 1.27813 8.75406 1.06667 0.533334 
-1000
8.25 9.76667 1.27813 8.75406 0.533334 1.06667 
-999
7 9.9 0.4 10.008 0.4 1.2 
-1000
7 9.36667 0.133333 10.0009 0.933333 0.666667 
-1000
12 9.23333 5.00711 5.00711 1.06667 0.533334 
-1000
12 9.9 5.01597 5.01597 0.4 1.2 
-999
8.25 9.76667 1.27813 8.75406 0.533334 1.06667 
-999
7 9.1 0.4 10.008 1.2 0.4 
-28.066
12 9.5 5 5 0.8 0.8 
-999
9.5 9.63333 2.50355 7.50118 0.666667 0.933333 
-999
8.25 9.63333 1.25709 8.75102 0.666667 0.933333 
-999
12 9.9 5.01597 5.01597 0.4 1.2 
-1000
7 9.36667 0.133333 10.0009 0.933333 0.666667 
-1000
10.75 9.23333 3.75947 6.25569 1.06667 0.533334 
-1000
9.5 10 2.54951 7.51665 0.3 1.3 
-20.241
7 9.76667 0.266666 10.0036 0.533334 1.06667 
-1000
10.75 9.63333 3.75237 6.25142 0.666667 0.933333 
-999
10.75 9.5 3.75 6.25 0.8 0.8 
-1000
9.5 10 2.54951 7.51665 0.3 1.3 
-20.479
9.5 9.76667 2.51418 7.50474 0.533334 1.06667 
-1000
9.5 9.63333 2.50355 7.50118 0.666667 0.933333 
-999
12 9.9 5.01597 5.01597 0.4 1.2 
-999
10.75 9.9 3.77127 6.26279 0.4 1.2 
-1000
10.75 9.1 3.77127 6.26279 1.2 0.4 
-14.388
12 9.63333 5.00178 5.00178 0.666667 0.933333 
-997
12 9.23333 5.00711 5.00711 1.06667 0.533334 
-13.82
12 9.63333 5.00178 5.00178 0.666667 0.933333 
-999
12 10 5.02494 5.02494 0.3 1.3 
-999
7 9.9 0.4 10.008 0.4 1.2 
-1000
12 9.63333 5.00178 5.00178 0.666667 0.933333 
-999
8.25 9.36667 1.25709 8.75102 0.933333 0.666667 
-1000
7 9.9 0.4 10.008 0.4 1.2 
-1000
8.25 10 1.34629 8.76427 0.3 1.3 
-20.718
9.5 9.23333 2.51418 7.50474 1.06667 0.533334 
-1000
8.25 9.36667 1.25709 8.75102 0.933333 0.666667 
-1000
10.75 9.76667 3.75947 6.25569 0.533334 1.06667 
-999
7 9.23333 0.266666 10.0036 1.06667 0.533334 
-1000
8.25 9.9 1.31244 8.75914 0.4 1.2 
-1000
9.5 9.63333 2.50355 7.50118 0.666667 0.933333 
-999
12 9.63333 5.00178 5.00178 0.666667 0.933333 
-999
10.75 9.36667 3.75237 6.25142 0.933333 0.666667 
-1000
10.75 9.1 3.77127 6.26279 1.2 0.4 
-15.169
9.5 9.63333 2.50355 7.50118 0.666667 0.933333 
-999
10.75 9.76667 3.75947 6.25569 0.533334 1.06667 
-1000
7 9.5 0 10 0.8 0.8 
-1000
8.25 9.1 1.31244 8.75914 1.2 0.4 
-19.722
12 9.5 5 5 0.8 0.8 
-999
10.75 9.1 3.77127 6.26279 1.2 0.4 
-15.55
12 9.63333 5.00178 5.00178 0.666667 0.933333 
-997
9.5 9.9 2.5318 7.51066 0.4 1.2 
-17.905
7 9.1 0.4 10.008 1.2 0.4 
-25.461
7 9.36667 0.133333 10.0009 0.933333 0.666667 
-1000
9.5 9.23333 2.51418 7.50474 1.06667 0.533334 
-1000
9.5 9.9 2.5318 7.51066 0.4 1.2 
-17.12
10.75 9.36667 3.75237 6.25142 0.933333 0.666667 
-1000
8.25 9.1 1.31244 8.75914 1.2 0.4 
-20.255
8.25 9.36667 1.25709 8.75102 0.933333 0.666667 
-1000
8.25 9.1 1.31244 8.75914 1.2 0.4 
-20.329
7 9.9 0.4 10.008 0.4 1.2 
-1000
8.25 9.23333 1.27813 8.75406 1.06667 0.533334 
-1000
12 10 5.02494 5.02494 0.3 1.3 
-999
8.25 9.1 1.31244 8.75914 1.2 0.4 
-20.173
9.5 9.1 2.5318 7.51066 1.2 0.4 
-1000
12 9.1 5.01597 5.01597 1.2 0.4 
-1000
9.5 9.1 2.5318 7.51066 1.2 0.4 
-18.252
10.75 9.36667 3.75237 6.25142 0.933333 0.666667 
-1000
9.5 9.1 2.5318 7.51066 1.2 0.4 
-17.268
9.5 9.23333 2.51418 7.50474 1.06667 0.533334 
-1000
8.25 10 1.34629 8.76427 0.3 1.3 
-21.175
10.75 9.5 3.75 6.25 0.8 0.8 
-1000
12 10 5.02494 5.02494 0.3 1.3 
-999
9.5 9.9 2.5318 7.51066 0.4 1.2 
-18.409
7 9.76667 0.266666 10.0036 0.533334 1.06667 
-997
9.5 9.5 2.5 7.5 0.8 0.8 
-1000
10.75 10 3.78319 6.26997 0.3 1.3 
-1000
7 9.23333 0.266666 10.0036 1.06667 0.533334 
-27.062
9.5 9.5 2.5 7.5 0.8 0.8 
-1000
12 9.23333 5.00711 5.00711 1.06667 0.533334 
-999
10.75 9.23333 3.75947 6.25569 1.06667 0.533334 
-1000
8.25 9.36667 1.25709 8.75102 0.933333 0.666667 
-1000
7 9.23333 0.266666 10.0036 1.06667 0.533334 
-1000
9.5 9.1 2.5318 7.51066 1.2 0.4 
-17.142
7 9.5 0 10 0.8 0.8 
-1000
9.5 9.36667 2.50355 7.50118 0.933333 0.666667 
-1000
12 9.9 5.01597 5.01597 0.4 1.2 
-1000
10.75 9.76667 3.75947 6.25569 0.533334 1.06667 
-1000
9.5 9.23333 2.51418 7.50474 1.06667 0.533334 
-1000
7 9.63333 0.133333 10.0009 0.666667 0.933333 
-1000
12 9.76667 5.00711 5.00711 0.533334 1.06667 
-999
8.25 9.9 1.31244 8.75914 0.4 1.2 
-20.883
7 9.63333 0.133333 10.0009 0.666667 0.933333 
-1000
10.75 9.5 3.75 6.25 0.8 0.8 
-1000
9.5 9.9 2.5318 7.51066 0.4 1.2 
-17.532
9.5 9.63333 2.50355 7.50118 0.666667 0.933333 
-999
8.25 9.76667 1.27813 8.75406 0.533334 1.06667 
-999
10.75 9.76667 3.75947 6.25569 0.533334 1.06667 
-999
12 9.9 5.01597 5.01597 0.4 1.2 
-999
9.5 9.63333 2.50355 7.50118 0.666667 0.933333 
-999
7 9.23333 0.266666 10.0036 1.06667 0.533334 
-1000
10.75 9.23333 3.75947 6.25569 1.06667 0.533334 
-1000
12 9.9 5.01597 5.01597 0.4 1.2 
-999
12 9.63333 5.00178 5.00178 0.666667 0.933333 
-999
7 9.36667 0.133333 10.0009 0.933333 0.666667 
-1000
7 9.1 0.4 10.008 1.2 0.4 
-24.727
7 9.36667 0.133333 10.0009 0.933333 0.666667 
-1000
12 9.63333 5.00178 5.00178 0.666667 0.933333 
-999
7 9.23333 0.266666 10.0036 1.06667 0.533334 
-1000
9.5 9.76667 2.51418 7.50474 0.533334 1.06667 
-1000
8.25 9.9 1.31244 8.75914 0.4 1.2 
-20.955
9.5 9.23333 2.51418 7.50474 1.06667 0.533334 
-1000
9.5 9.9 2.5318 7.51066 0.4 1.2 
-17.108
9.5 9.23333 2.51418 7.50474 1.06667 0.533334 
-1000
12 9.23333 5.00711 5.00711 1.06667 0.533334 
-15.323
10.75 9.36667 3.75237 6.25142 0.933333 0.666667 
-1000
10.75 9.36667 3.75237 6.25142 0.933333 0.666667 
-1000
10.75 9.5 3.75 6.25 0.8 0.8 
-1000
8.25 9.36667 1.25709 8.75102 0.933333 0.666667 
-1000
12 10 5.02494 5.02494 0.3 1.3 
-999
9.5 9.9 2.5318 7.51066 0.4 1.2 
-18.387
12 9.9 5.01597 5.01597 0.4 1.2 
-999
7 9.63333 0.133333 10.0009 0.666667 0.933333 
-1000
10.75 9.5 3.75 6.25 0.8 0.8 
-1000
8.25 9.5 1.25 8.75 0.8 0.8 
-1000
10.75 9.63333 3.75237 6.25142 0.666667 0.933333 
-999
7 9.36667 0.133333 10.0009 0.933333 0.666667 
-1000
9.5 9.23333 2.51418 7.50474 1.06667 0.533334 
-1000
7 9.5 0 10 0.8 0.8 
-1000
12 9.1 5.01597 5.01597 1.2 0.4 
-14.976
10.75 9.63333 3.75237 6.25142 0.666667 0.933333 
-999
9.5 10 2.54951 7.51665 0.3 1.3 
-1000
8.25 9.63333 1.25709 8.75102 0.666667 0.933333 
-999
9.5 9.9 2.5318 7.51066 0.4 1.2 
-1000
12 9.23333 5.00711 5.00711 1.06667 0.533334 
-1000
7 9.76667 0.266666 10.0036 0.533334 1.06667 
-1000
8.25 9.76667 1.27813 8.75406 0.533334 1.06667 
-999
12 9.5 5 5 0.8 0.8 
-1000
10.75 10 3.78319 6.26997 0.3 1.3 
-1000
7 9.76667 0.266666 10.0036 0.533334 1.06667 
-1000
8.25 9.5 1.25 8.75 0.8 0.8 
-999
8.25 9.63333 1.25709 8.75102 0.666667 0.933333 
-999
9.5 9.9 2.5318 7.51066 0.4 1.2 
-17.061
12 9.36667 5.00178 5.00178 0.933333 0.666667 
-1000
10.75 9.76667 3.75947 6.25569 0.533334 1.06667 
-1000
8.25 9.36667 1.25709 8.75102 0.933333 0.666667 
-1000
8.25 9.9 1.31244 8.75914 0.4 1.2 
-1000
8.25 9.5 1.25 8.75 0.8 0.8 
-999
10.75 9.63333 3.75237 6.25142 0.666667 0.933333 
-999
9.5 9.1 2.5318 7.51066 1.2 0.4 
-16.946
7 9.23333 0.266666 10.0036 1.06667 0.533334 
-1000
7 9.76667 0.266666 10.0036 0.533334 1.06667 
-1000
7 9.1 0.4 10.008 1.2 0.4 
-24.917
7 9.76667 0.266666 10.0036 0.533334 1.06667 
-1000
10.75 9.1 3.77127 6.26279 1.2 0.4 
-1000
8.25 9.63333 1.25709 8.75102 0.666667 0.933333 
-999
10.75 9.23333 3.75947 6.25569 1.06667 0.533334 
-1000
9.5 9.36667 2.50355 7.50118 0.933333 0.666667 
-1000
9.5 9.63333 2.50355 7.50118 0.666667 0.933333 
-999
10.75 9.76667 3.75947 6.25569 0.533334 1.06667 
-1000
7 9.63333 0.133333 10.0009 0.666667 0.933333 
-1000
7 9.5 0 10 0.8 0.8 
-1000
10.75 9.36667 3.75237 6.25142 0.933333 0.666667 
-1000
9.5 9.23333 2.51418 7.50474 1.06667 0.533334 
-1000
9.5 9.23333 2.51418 7.50474 1.06667 0.533334 
-1000
7 9.63333 0.133333 10.0009 0.666667 0.933333 
-1000
10.75 9.1 3.77127 6.26279 1.2 0.4 
-14.457
10.75 9.9 3.77127 6.26279 0.4 1.2 
-997
8.25 10 1.34629 8.76427 0.3 1.3 
-21.063
9.5 9.76667 2.51418 7.50474 0.533334 1.06667 
-1000
12 9.63333 5.00178 5.00178 0.666667 0.933333 
-999
7 9.9 0.4 10.008 0.4 1.2 
-1000
12 9.36667 5.00178 5.00178 0.933333 0.666667 
-1000
7 9.63333 0.133333 10.0009 0.666667 0.933333 
-1000
12 9.23333 5.00711 5.00711 1.06667 0.533334 
-1000
8.25 9.36667 1.25709 8.75102 0.933333 0.666667 
-1000
7 9.9 0.4 10.008 0.4 1.2 
-1000
12 9.9 5.01597 5.01597 0.4 1.2 
-1000
8.25 9.63333 1.25709 8.75102 0.666667 0.933333 
-999
12 9.5 5 5 0.8 0.8 
-999
8.25 9.36667 1.25709 8.75102 0.933333 0.666667 
-1000
8.25 9.76667 1.27813 8.75406 0.533334 1.06667 
-999
12 9.23333 5.00711 5.00711 1.06667 0.533334 
-13.115
8.25 9.36667 1.25709 8.75102 0.933333 0.666667 
-1000
8.25 9.36667 1.25709 8.75102 0.933333 0.666667 
-1000
8.25 9.5 1.25 8.75 0.8 0.8 
-999
8.25 9.76667 1.27813 8.75406 0.533334 1.06667 
-999
10.75 9.5 3.75 6.25 0.8 0.8 
-1000
9.5 9.63333 2.50355 7.50118 0.666667 0.933333 
-999
10.75 9.23333 3.75947 6.25569 1.06667 0.533334 
-1000
7 9.36667 0.133333 10.0009 0.933333 0.666667 
-1000
10.75 9.36667 3.75237 6.25142 0.933333 0.666667 
-1000
9.5 9.63333 2.50355 7.50118 0.666667 0.933333 
-999
10.75 9.63333 3.75237 6.25142 0.666667 0.933333 
-999
10.75 10 3.78319 6.26997 0.3 1.3 
-1000
12 9.76667 5.00711 5.00711 0.533334 1.06667 
-999
12 9.23333 5.00711 5.00711 1.06667 0.533334 
-999
9.5 9.76667 2.51418 7.50474 0.533334 1.06667 
-1000
8.25 9.9 1.31244 8.75914 0.4 1.2 
-21.579
9.5 9.5 2.5 7.5 0.8 0.8 
-1000
12 9.36667 5.00178 5.00178 0.933333 0.666667 
-1000
7 9.76667 0.266666 10.0036 0.533334 1.06667 
-1000
9.5 9.36667 2.50355 7.50118 0.933333 0.666667 
-1000
10.75 9.1 3.77127 6.26279 1.2 0.4 
-14.49
7 9.36667 0.133333 10.0009 0.933333 0.666667 
-1000
7 9.76667 0.266666 10.0036 0.533334 1.06667 
-1000
10.75 9.23333 3.75947 6.25569 1.06667 0.533334 
-1000
8.25 9.23333 1.27813 8.75406 1.06667 0.533334 
-21.085
12 10 5.02494 5.02494 0.3 1.3 
-999
12 9.76667 5.00711 5.00711 0.533334 1.06667 
-999
12 10 5.02494 5.02494 0.3 1.3 
-999
7 9.1 0.4 10.008 1.2 0.4 
-1000
9.5 10 2.54951 7.51665 0.3 1.3 
-22.154
9.5 9.9 2.5318 7.51066 0.4 1.2 
-18.439
7 9.36667 0.133333 10.0009 0.933333 0.666667 
-1000
7 9.9 0.4 10.008 0.4 1.2 
-1000
10.75 9.36667 3.75237 6.25142 0.933333 0.666667 
-1000
9.5 9.1 2.5318 7.51066 1.2 0.4 
-18.748
12 9.36667 5.00178 5.00178 0.933333 0.666667 
-1000
7 9.23333 0.266666 10.0036 1.06667 0.533334 
-1000
12 9.23333 5.00711 5.00711 1.06667 0.533334 
-1000
12 9.63333 5.00178 5.00178 0.666667 0.933333 
-999
10.75 9.5 3.75 6.25 0.8 0.8 
-1000
8.25 9.1 1.31244 8.75914 1.2 0.4 
-20.134
8.25 9.36667 1.25709 8.75102 0.933333 0.666667 
-1000
10.75 9.36667 3.75237 6.25142 0.933333 0.666667 
-1000
7 9.1 0.4 10.008 1.2 0.4 
-24.597
12 9.5 5 5 0.8 0.8 
-999
12 9.9 5.01597 5.01597 0.4 1.2 
-999
7 9.76667 0.266666 10.0036 0.533334 1.06667 
-1000
8.25 9.23333 1.27813 8.75406 1.06667 0.533334 
-1000
10.75 9.63333 3.75237 6.25142 0.666667 0.933333 
-999
7 9.5 0 10 0.8 0.8 
-1000
9.5 9.36667 2.50355 7.50118 0.933333 0.666667 
-1000
10.75 10 3.78319 6.26997 0.3 1.3 
-1000
7 9.76667 0.266666 10.0036 0.533334 1.06667 
-1000
10.75 9.1 3.77127 6.26279 1.2 0.4 
-14.325
9.5 9.9 2.5318 7.51066 0.4 1.2 
-17.22
8.25 9.9 1.31244 8.75914 0.4 1.2 
-1000
10.75 9.1 3.77127 6.26279 1.2 0.4 
-14.748
8.25 9.9 1.31244 8.75914 0.4 1.2 
-20.713
7 9.63333 0.133333 10.0009 0.666667 0.933333 
-1000
10.75 9.1 3.77127 6.26279 1.2 0.4 
-13.593
8.25 9.5 1.25 8.75 0.8 0.8 
-999
10.75 9.63333 3.75237 6.25142 0.666667 0.933333 
-999
9.5 9.23333 2.51418 7.50474 1.06667 0.533334 
-1000
8.25 9.23333 1.27813 8.75406 1.06667 0.533334 
-1000
8.25 9.23333 1.27813 8.75406 1.06667 0.533334 
-21.469
10.75 9.23333 3.75947 6.25569 1.06667 0.533334 
-1000
12 9.5 5 5 0.8 0.8 
-1000
8.25 9.36667 1.25709 8.75102 0.933333 0.666667 
-1000
8.25 9.63333 1.25709 8.75102 0.666667 0.933333 
-999
9.5 9.23333 2.51418 7.50474 1.06667 0.533334 
-1000
10.75 9.76667 3.75947 6.25569 0.533334 1.06667 
-999
9.5 9.63333 2.50355 7.50118 0.666667 0.933333 
-999
9.5 9.5 2.5 7.5 0.8 0.8 
-1000
8.25 9.36667 1.25709 8.75102 0.933333 0.666667 
-1000
8.25 9.5 1.25 8.75 0.8 0.8 
-999
8.25 9.23333 1.27813 8.75406 1.06667 0.533334 
-19.979
7 10 0.5 10.0125 0.3 1.3 
-1000
9.5 9.36667 2.50355 7.50118 0.933333 0.666667 
-1000
8.25 9.23333 1.27813 8.75406 1.06667 0.533334 
-20.47
8.25 9.76667 1.27813 8.75406 0.533334 1.06667 
-999
9.5 9.76667 2.51418 7.50474 0.533334 1.06667 
-1000
10.75 9.63333 3.75237 6.25142 0.666667 0.933333 
-999
7 9.36667 0.133333 10.0009 0.933333 0.666667 
-1000
10.75 9.5 3.75 6.25 0.8 0.8 
-1000
10.75 10 3.78319 6.26997 0.3 1.3 
-1000
9.5 9.1 2.5318 7.51066 1.2 0.4 
-17.007
12 9.23333 5.00711 5.00711 1.06667 0.533334 
-14.398
8.25 9.63333 1.25709 8.75102 0.666667 0.933333 
-999
10.75 9.9 3.77127 6.26279 0.4 1.2 
-1000
12 9.76667 5.00711 5.00711 0.533334 1.06667 
-999
10.75 9.63333 3.75237 6.25142 0.666667 0.933333 
-999
12 9.23333 5.00711 5.00711 1.06667 0.533334 
-13.294
9.5 9.63333 2.50355 7.50118 0.666667 0.933333 
-999
7 9.1 0.4 10.008 1.2 0.4 
-25.459
12 9.36667 5.00178 5.00178 0.933333 0.666667 
-1000
9.5 9.63333 2.50355 7.50118 0.666667 0.933333 
-999
10.75 9.23333 3.75947 6.25569 1.06667 0.533334 
-1000
10.75 9.1 3.77127 6.26279 1.2 0.4 
-15.027
9.5 9.9 2.5318 7.51066 0.4 1.2 
-1000